0	1
0.00613	1
0.01226	1
0.01839	1
0.02452	1
0.03065	1
0.03678	1
0.04291	1
0.04904	1
0.05517	1
0.0613	1
0.06743	1
0.07356	1
0.07969	1
0.08582	1
0.09195	1
0.09808	1
0.10421	1
0.11034	1
0.11647	1
0.1226	1
0.12873	1
0.13486	1
0.14099	1
0.14712	1
0.15325	1
0.15938	1
0.16551	1
0.17164	1
0.17777	1
0.1839	1
0.19003	1
0.19616	1
0.20229	1
0.20842	1
0.21455	1
0.22068	1
0.22681	1
0.23294	1
0.23907	1
0.2452	1
0.25133	1
0.25746	1
0.26359	1
0.26972	1
0.27585	1
0.28198	1
0.28811	1
0.29424	1
0.30037	1
0.3065	1
0.31263	1
0.31876	1
0.32489	1
0.33102	1
0.33715	1
0.34328	1
0.34941	1
0.35554	1
0.36167	1
0.3678	1
0.37393	1
0.38006	1
0.38619	1
0.39232	1
0.39845	1
0.40458	1
0.41071	1
0.41684	1
0.42297	1
0.4291	1
0.43523	1
0.44136	1
0.44749	1
0.45362	1
0.45975	1
0.46588	1
0.47201	1
0.47814	1
0.48427	1
0.4904	1
0.49653	1
0.50266	1
0.50879	1
0.51492	1
0.52105	1
0.52718	1
0.53331	1
0.53944	1
0.54557	1
0.5517	1
0.55783	1
0.56396	1
0.57009	1
0.57622	1
0.58235	1
0.58848	1
0.59461	1
0.60074	1
0.60687	1
0.613	1
0.61913	1
0.62526	1
0.63139	1
0.63752	1
0.64365	1
0.64978	1
0.65591	1
0.66204	1
0.66817	1
0.6743	1
0.68043	1
0.68656	1
0.69269	1
0.69882	1
0.70495	1
0.71108	1
0.71721	1
0.72334	1
0.72947	1
0.7356	1
0.74173	1
0.74786	1
0.75399	1
0.76012	1
0.76625	1
0.77238	1
0.77851	1
0.78464	1
0.79077	1
0.7969	1
0.80303	1
0.80916	1
0.81529	1
0.82142	1
0.82755	1
0.83368	1
0.83981	1
0.84594	1
0.85207	1
0.8582	1
0.86433	1
0.87046	1
0.87659	1
0.88272	1
0.88885	1
0.89498	1
0.90111	1
0.90724	1
0.91337	1
0.9195	1
0.92563	1
0.93176	1
0.93789	1
0.94402	1
0.95015	1
0.95628	1
0.96241	1
0.96854	1
0.97467	1
0.9808	1
0.98693	1
0.99306	1
0.99919	1
1.00532	1
1.01145	1
1.01758	1
1.02371	1
1.02984	1
1.03597	1
1.0421	1
1.04823	1
1.05436	1
1.06049	1
1.06662	1
1.07275	1
1.07888	1
1.08501	1
1.09114	1
1.09727	1
1.1034	1
1.10953	1
1.11566	1
1.12179	1
1.12792	1
1.13405	1
1.14018	1
1.14631	1
1.15244	1
1.15857	1
1.1647	1
1.17083	1
1.17696	1
1.18309	1
1.18922	1
1.19535	1
1.20148	1
1.20761	1
1.21374	1
1.21987	1
1.226	1
1.23213	1
1.23826	1
1.24439	1
1.25052	1
1.25665	1
1.26278	1
1.26891	1
1.27504	1
1.28117	1
1.2873	1
1.29343	1
1.29956	1
1.30569	1
1.31182	1
1.31795	1
1.32408	1
1.33021	1
1.33634	1
1.34247	1
1.3486	1
1.35473	1
1.36086	1
1.36699	1
1.37312	1
1.37925	1
1.38538	1
1.39151	1
1.39764	1
1.40377	1
1.4099	1
1.41603	1
1.42216	1
1.42829	1
1.43442	1
1.44055	1
1.44668	1
1.45281	1
1.45894	1
1.46507	1
1.4712	1
1.47733	1
1.48346	1
1.48959	1
1.49572	1
1.50185	1
1.50798	1
1.51411	1
1.52024	1
1.52637	1
1.5325	1
1.53863	1
1.54476	1
1.55089	1
1.55702	1
1.56315	1
1.56928	1
1.57541	1
1.58154	1
1.58767	1
1.5938	1
1.59993	1
1.60606	1
1.61219	1
1.61832	1
1.62445	1
1.63058	1
1.63671	1
1.64284	1
1.64897	1
1.6551	1
1.66123	1
1.66736	1
1.67349	1
1.67962	1
1.68575	1
1.69188	1
1.69801	1
1.70414	1
1.71027	1
1.7164	1
1.72253	1
1.72866	1
1.73479	1
1.74092	1
1.74705	1
1.75318	1
1.75931	1
1.76544	1
1.77157	1
1.7777	1
1.78383	1
1.78996	1
1.79609	1
1.80222	1
1.80835	1
1.81448	1
1.82061	1
1.82674	1
1.83287	1
1.839	1
1.84513	1
1.85126	1
1.85739	1
1.86352	1
1.86965	1
1.87578	1
1.88191	1
1.88804	1
1.89417	1
1.9003	1
1.90643	1
1.91256	1
1.91869	1
1.92482	1
1.93095	1
1.93708	1
1.94321	1
1.94934	1
1.95547	1
1.9616	1
1.96773	1
1.97386	1
1.97999	1
1.98612	1
1.99225	1
1.99838	1
2.00451	1
2.01064	1
2.01677	1
2.0229	1
2.02903	1
2.03516	1
2.04129	1
2.04742	1
2.05355	1
2.05968	1
2.06581	1
2.07194	1
2.07807	1
2.0842	1
2.09033	1
2.09646	1
2.10259	1
2.10872	1
2.11485	1
2.12098	1
2.12711	1
2.13324	1
2.13937	1
2.1455	1
2.15163	1
2.15776	1
2.16389	1
2.17002	1
2.17615	1
2.18228	1
2.18841	1
2.19454	1
2.20067	1
2.2068	1
2.21293	1
2.21906	1
2.22519	1
2.23132	1
2.23745	1
2.24358	1
2.24971	1
2.25584	1
2.26197	1
2.2681	1
2.27423	1
2.28036	1
2.28649	1
2.29262	1
2.29875	1
2.30488	1
2.31101	1
2.31714	1
2.32327	1
2.3294	1
2.33553	1
2.34166	1
2.34779	1
2.35392	1
2.36005	1
2.36618	1
2.37231	1
2.37844	1
2.38457	1
2.3907	1
2.39683	1
2.40296	1
2.40909	1
2.41522	1
2.42135	1
2.42748	1
2.43361	1
2.43974	1
2.44587	1
2.452	1
2.45813	1
2.46426	1
2.47039	1
2.47652	1
2.48265	1
2.48878	1
2.49491	1
2.50104	1
2.50717	1
2.5133	1
2.51943	1
2.52556	1
2.53169	1
2.53782	1
2.54395	1
2.55008	1
2.55621	1
2.56234	1
2.56847	1
2.5746	1
2.58073	1
2.58686	1
2.59299	1
2.59912	1
2.60525	1
2.61138	1
2.61751	1
2.62364	1
2.62977	1
2.6359	1
2.64203	1
2.64816	1
2.65429	1
2.66042	1
2.66655	1
2.67268	1
2.67881	1
2.68494	1
2.69107	1
2.6972	1
2.70333	1
2.70946	1
2.71559	1
2.72172	1
2.72785	1
2.73398	1
2.74011	1
2.74624	1
2.75237	1
2.7585	1
2.76463	1
2.77076	1
2.77689	1
2.78302	1
2.78915	1
2.79528	1
2.80141	1
2.80754	1
2.81367	1
2.8198	1
2.82593	1
2.83206	1
2.83819	1
2.84432	1
2.85045	1
2.85658	1
2.86271	1
2.86884	1
2.87497	1
2.8811	1
2.88723	1
2.89336	1
2.89949	1
2.90562	1
2.91175	1
2.91788	1
2.92401	1
2.93014	1
2.93627	1
2.9424	1
2.94853	1
2.95466	1
2.96079	1
2.96692	1
2.97305	1
2.97918	1
2.98531	1
2.99144	1
2.99757	1
3.0037	1
3.00983	1
3.01596	1
3.02209	1
3.02822	1
3.03435	1
3.04048	1
3.04661	1
3.05274	1
3.05887	1
3.065	1
3.07113	1
3.07726	1
3.08339	1
3.08952	1
3.09565	1
3.10178	1
3.10791	1
3.11404	1
3.12017	1
3.1263	1
3.13243	1
3.13856	1
3.14469	1
3.15082	1
3.15695	1
3.16308	1
3.16921	1
3.17534	1
3.18147	1
3.1876	1
3.19373	1
3.19986	1
3.20599	1
3.21212	1
3.21825	1
3.22438	1
3.23051	1
3.23664	1
3.24277	1
3.2489	1
3.25503	1
3.26116	1
3.26729	1
3.27342	1
3.27955	1
3.28568	1
3.29181	1
3.29794	1
3.30407	1
3.3102	1
3.31633	1
3.32246	1
3.32859	1
3.33472	1
3.34085	1
3.34698	1
3.35311	1
3.35924	1
3.36537	1
3.3715	1
3.37763	1
3.38376	1
3.38989	1
3.39602	1
3.40215	1
3.40828	1
3.41441	1
3.42054	1
3.42667	1
3.4328	1
3.43893	1
3.44506	1
3.45119	1
3.45732	1
3.46345	1
3.46958	1
3.47571	1
3.48184	1
3.48797	1
3.4941	1
3.50023	1
3.50636	1
3.51249	1
3.51862	1
3.52475	1
3.53088	1
3.53701	1
3.54314	1
3.54927	1
3.5554	1
3.56153	1
3.56766	1
3.57379	1
3.57992	1
3.58605	1
3.59218	1
3.59831	1
3.60444	1
3.61057	1
3.6167	1
3.62283	1
3.62896	1
3.63509	1
3.64122	1
3.64735	1
3.65348	1
3.65961	1
3.66574	1
3.67187	1
3.678	1
3.68413	1
3.69026	1
3.69639	1
3.70252	1
3.70865	2
3.71478	2
3.72091	1
3.72704	2
3.73317	1
3.7393	1
3.74543	2
3.75156	3
3.75769	1
3.76382	2
3.76995	2
3.77608	1
3.78221	2
3.78834	2
3.79447	1
3.8006	1
3.80673	2
3.81286	1
3.81899	4
3.82512	2
3.83125	1
3.83738	2
3.84351	1
3.84964	2
3.85577	2
3.8619	1
3.86803	2
3.87416	1
3.88029	2
3.88642	1
3.89255	1
3.89868	1
3.90481	2
3.91094	2
3.91707	3
3.9232	3
3.92933	2
3.93546	1
3.94159	2
3.94772	3
3.95385	2
3.95998	2
3.96611	3
3.97224	1
3.97837	1
3.9845	1
3.99063	2
3.99676	3
4.00289	4
4.00902	1
4.01515	2
4.02128	1
4.02741	1
4.03354	1
4.03967	1
4.0458	2
4.05193	1
4.05806	2
4.06419	1
4.07032	2
4.07645	1
4.08258	1
4.08871	1
4.09484	2
4.10097	2
4.1071	1
4.11323	2
4.11936	3
4.12549	1
4.13162	2
4.13775	1
4.14388	1
4.15001	1
4.15614	1
4.16227	1
4.1684	2
4.17453	1
4.18066	1
4.18679	1
4.19292	2
4.19905	3
4.20518	3
4.21131	1
4.21744	2
4.22357	2
4.2297	1
4.23583	2
4.24196	1
4.24809	1
4.25422	1
4.26035	1
4.26648	2
4.27261	3
4.27874	1
4.28487	2
4.291	1
4.29713	2
4.30326	3
4.30939	2
4.31552	2
4.32165	1
4.32778	1
4.33391	1
4.34004	2
4.34617	3
4.3523	2
4.35843	1
4.36456	2
4.37069	4
4.37682	2
4.38295	3
4.38908	2
4.39521	3
4.40134	1
4.40747	2
4.4136	5
4.41973	1
4.42586	3
4.43199	2
4.43812	1
4.44425	1
4.45038	2
4.45651	1
4.46264	2
4.46877	2
4.4749	1
4.48103	1
4.48716	1
4.49329	1
4.49942	1
4.50555	2
4.51168	1
4.51781	1
4.52394	2
4.53007	3
4.5362	1
4.54233	1
4.54846	1
4.55459	1
4.56072	1
4.56685	1
4.57298	3
4.57911	1
4.58524	1
4.59137	3
4.5975	1
4.60363	1
4.60976	2
4.61589	1
4.62202	2
4.62815	1
4.63428	1
4.64041	1
4.64654	3
4.65267	2
4.6588	4
4.66493	3
4.67106	4
4.67719	2
4.68332	2
4.68945	1
4.69558	1
4.70171	1
4.70784	1
4.71397	3
4.7201	2
4.72623	1
4.73236	1
4.73849	1
4.74462	2
4.75075	1
4.75688	1
4.76301	1
4.76914	1
4.77527	3
4.7814	1
4.78753	1
4.79366	3
4.79979	1
4.80592	1
4.81205	2
4.81818	2
4.82431	1
4.83044	1
4.83657	1
4.8427	2
4.84883	1
4.85496	2
4.86109	1
4.86722	3
4.87335	3
4.87948	2
4.88561	1
4.89174	1
4.89787	2
4.904	1
4.91013	1
4.91626	2
4.92239	1
4.92852	2
4.93465	2
4.94078	2
4.94691	1
4.95304	3
4.95917	1
4.9653	2
4.97143	1
4.97756	2
4.98369	3
4.98982	2
4.99595	1
5.00208	1
5.00821	2
5.01434	2
5.02047	2
5.0266	3
5.03273	1
5.03886	3
5.04499	2
5.05112	1
5.05725	2
5.06338	1
5.06951	1
5.07564	1
5.08177	2
5.0879	1
5.09403	3
5.10016	2
5.10629	2
5.11242	1
5.11855	1
5.12468	2
5.13081	2
5.13694	1
5.14307	1
5.1492	1
5.15533	4
5.16146	2
5.16759	1
5.17372	2
5.17985	1
5.18598	2
5.19211	3
5.19824	1
5.20437	2
5.2105	1
5.21663	1
5.22276	1
5.22889	1
5.23502	1
5.24115	1
5.24728	2
5.25341	2
5.25954	4
5.26567	2
5.2718	4
5.27793	1
5.28406	1
5.29019	1
5.29632	2
5.30245	3
5.30858	2
5.31471	2
5.32084	1
5.32697	1
5.3331	1
5.33923	3
5.34536	1
5.35149	2
5.35762	1
5.36375	1
5.36988	1
5.37601	1
5.38214	2
5.38827	1
5.3944	3
5.40053	1
5.40666	1
5.41279	2
5.41892	1
5.42505	2
5.43118	2
5.43731	3
5.44344	2
5.44957	3
5.4557	2
5.46183	1
5.46796	1
5.47409	3
5.48022	3
5.48635	5
5.49248	1
5.49861	2
5.50474	3
5.51087	2
5.517	2
5.52313	1
5.52926	1
5.53539	1
5.54152	2
5.54765	2
5.55378	3
5.55991	1
5.56604	1
5.57217	1
5.5783	3
5.58443	2
5.59056	2
5.59669	2
5.60282	1
5.60895	1
5.61508	2
5.62121	1
5.62734	3
5.63347	2
5.6396	2
5.64573	1
5.65186	2
5.65799	2
5.66412	2
5.67025	4
5.67638	1
5.68251	1
5.68864	4
5.69477	2
5.7009	1
5.70703	1
5.71316	1
5.71929	3
5.72542	2
5.73155	2
5.73768	2
5.74381	1
5.74994	1
5.75607	1
5.7622	2
5.76833	1
5.77446	2
5.78059	1
5.78672	3
5.79285	1
5.79898	1
5.80511	2
5.81124	1
5.81737	2
5.8235	1
5.82963	3
5.83576	2
5.84189	1
5.84802	1
5.85415	2
5.86028	1
5.86641	1
5.87254	2
5.87867	1
5.8848	5
5.89093	3
5.89706	2
5.90319	3
5.90932	3
5.91545	1
5.92158	2
5.92771	1
5.93384	2
5.93997	1
5.9461	3
5.95223	2
5.95836	1
5.96449	5
5.97062	4
5.97675	1
5.98288	2
5.98901	1
5.99514	2
6.00127	3
6.0074	1
6.01353	3
6.01966	1
6.02579	2
6.03192	1
6.03805	5
6.04418	2
6.05031	1
6.05644	2
6.06257	2
6.0687	1
6.07483	2
6.08096	1
6.08709	2
6.09322	2
6.09935	1
6.10548	1
6.11161	1
6.11774	2
6.12387	2
6.13	2
6.13613	2
6.14226	4
6.14839	3
6.15452	1
6.16065	2
6.16678	3
6.17291	2
6.17904	1
6.18517	1
6.1913	2
6.19743	3
6.20356	3
6.20969	1
6.21582	1
6.22195	2
6.22808	2
6.23421	3
6.24034	2
6.24647	1
6.2526	3
6.25873	1
6.26486	1
6.27099	1
6.27712	1
6.28325	2
6.28938	1
6.29551	2
6.30164	1
6.30777	1
6.3139	2
6.32003	1
6.32616	3
6.33229	3
6.33842	1
6.34455	2
6.35068	1
6.35681	1
6.36294	1
6.36907	1
6.3752	2
6.38133	2
6.38746	2
6.39359	2
6.39972	1
6.40585	2
6.41198	2
6.41811	1
6.42424	3
6.43037	2
6.4365	2
6.44263	2
6.44876	1
6.45489	1
6.46102	1
6.46715	2
6.47328	2
6.47941	2
6.48554	1
6.49167	1
6.4978	1
6.50393	1
6.51006	1
6.51619	1
6.52232	2
6.52845	1
6.53458	3
6.54071	2
6.54684	2
6.55297	2
6.5591	1
6.56523	3
6.57136	1
6.57749	1
6.58362	2
6.58975	3
6.59588	1
6.60201	2
6.60814	1
6.61427	1
6.6204	1
6.62653	1
6.63266	1
6.63879	4
6.64492	1
6.65105	2
6.65718	1
6.66331	3
6.66944	1
6.67557	1
6.6817	3
6.68783	2
6.69396	2
6.70009	2
6.70622	1
6.71235	1
6.71848	2
6.72461	1
6.73074	1
6.73687	3
6.743	1
6.74913	3
6.75526	2
6.76139	2
6.76752	1
6.77365	2
6.77978	3
6.78591	1
6.79204	2
6.79817	2
6.8043	1
6.81043	2
6.81656	1
6.82269	2
6.82882	1
6.83495	1
6.84108	3
6.84721	1
6.85334	1
6.85947	2
6.8656	1
6.87173	2
6.87786	2
6.88399	3
6.89012	2
6.89625	2
6.90238	1
6.90851	1
6.91464	1
6.92077	3
6.9269	2
6.93303	1
6.93916	2
6.94529	1
6.95142	2
6.95755	2
6.96368	1
6.96981	1
6.97594	1
6.98207	1
6.9882	2
6.99433	2
7.00046	1
7.00659	1
7.01272	2
7.01885	1
7.02498	1
7.03111	1
7.03724	1
7.04337	2
7.0495	2
7.05563	2
7.06176	2
7.06789	1
7.07402	1
7.08015	2
7.08628	5
7.09241	1
7.09854	2
7.10467	2
7.1108	2
7.11693	1
7.12306	2
7.12919	1
7.13532	2
7.14145	1
7.14758	1
7.15371	2
7.15984	2
7.16597	1
7.1721	1
7.17823	1
7.18436	3
7.19049	2
7.19662	1
7.20275	2
7.20888	2
7.21501	1
7.22114	4
7.22727	3
7.2334	1
7.23953	1
7.24566	2
7.25179	1
7.25792	2
7.26405	1
7.27018	3
7.27631	3
7.28244	2
7.28857	1
7.2947	3
7.30083	3
7.30696	1
7.31309	2
7.31922	2
7.32535	1
7.33148	2
7.33761	2
7.34374	1
7.34987	2
7.356	1
7.36213	1
7.36826	3
7.37439	1
7.38052	1
7.38665	4
7.39278	1
7.39891	2
7.40504	2
7.41117	1
7.4173	2
7.42343	2
7.42956	1
7.43569	1
7.44182	3
7.44795	1
7.45408	2
7.46021	2
7.46634	1
7.47247	3
7.4786	1
7.48473	2
7.49086	2
7.49699	1
7.50312	1
7.50925	1
7.51538	1
7.52151	4
7.52764	1
7.53377	1
7.5399	1
7.54603	1
7.55216	1
7.55829	2
7.56442	2
7.57055	1
7.57668	1
7.58281	3
7.58894	1
7.59507	2
7.6012	1
7.60733	2
7.61346	2
7.61959	2
7.62572	3
7.63185	1
7.63798	1
7.64411	2
7.65024	2
7.65637	1
7.6625	1
7.66863	2
7.67476	3
7.68089	1
7.68702	3
7.69315	3
7.69928	1
7.70541	2
7.71154	3
7.71767	1
7.7238	2
7.72993	2
7.73606	1
7.74219	2
7.74832	1
7.75445	2
7.76058	3
7.76671	3
7.77284	1
7.77897	1
7.7851	3
7.79123	1
7.79736	1
7.80349	3
7.80962	2
7.81575	1
7.82188	1
7.82801	1
7.83414	1
7.84027	1
7.8464	3
7.85253	2
7.85866	3
7.86479	4
7.87092	2
7.87705	1
7.88318	1
7.88931	1
7.89544	1
7.90157	3
7.9077	1
7.91383	2
7.91996	2
7.92609	1
7.93222	2
7.93835	1
7.94448	2
7.95061	3
7.95674	2
7.96287	2
7.969	1
7.97513	2
7.98126	1
7.98739	2
7.99352	2
7.99965	3
8.00578	2
8.01191	1
8.01804	1
8.02417	2
8.0303	1
8.03643	1
8.04256	4
8.04869	3
8.05482	3
8.06095	1
8.06708	1
8.07321	1
8.07934	2
8.08547	2
8.0916	4
8.09773	2
8.10386	1
8.10999	2
8.11612	1
8.12225	2
8.12838	3
8.13451	2
8.14064	1
8.14677	3
8.1529	3
8.15903	1
8.16516	1
8.17129	2
8.17742	2
8.18355	2
8.18968	1
8.19581	2
8.20194	2
8.20807	2
8.2142	1
8.22033	2
8.22646	1
8.23259	1
8.23872	2
8.24485	1
8.25098	1
8.25711	1
8.26324	2
8.26937	1
8.2755	4
8.28163	1
8.28776	1
8.29389	3
8.30002	3
8.30615	2
8.31228	2
8.31841	1
8.32454	1
8.33067	1
8.3368	1
8.34293	3
8.34906	2
8.35519	1
8.36132	1
8.36745	4
8.37358	2
8.37971	3
8.38584	1
8.39197	2
8.3981	2
8.40423	1
8.41036	1
8.41649	1
8.42262	2
8.42875	2
8.43488	2
8.44101	1
8.44714	1
8.45327	1
8.4594	1
8.46553	1
8.47166	1
8.47779	2
8.48392	2
8.49005	2
8.49618	2
8.50231	1
8.50844	3
8.51457	1
8.5207	1
8.52683	1
8.53296	1
8.53909	3
8.54522	1
8.55135	2
8.55748	1
8.56361	1
8.56974	2
8.57587	1
8.582	1
8.58813	2
8.59426	3
8.60039	1
8.60652	2
8.61265	2
8.61878	1
8.62491	2
8.63104	1
8.63717	1
8.6433	3
8.64943	1
8.65556	2
8.66169	3
8.66782	4
8.67395	1
8.68008	1
8.68621	3
8.69234	4
8.69847	2
8.7046	2
8.71073	1
8.71686	3
8.72299	1
8.72912	4
8.73525	1
8.74138	2
8.74751	2
8.75364	2
8.75977	2
8.7659	1
8.77203	1
8.77816	1
8.78429	1
8.79042	1
8.79655	2
8.80268	2
8.80881	1
8.81494	2
8.82107	2
8.8272	4
8.83333	1
8.83946	3
8.84559	1
8.85172	2
8.85785	3
8.86398	3
8.87011	2
8.87624	1
8.88237	1
8.8885	1
8.89463	1
8.90076	1
8.90689	2
8.91302	2
8.91915	1
8.92528	2
8.93141	2
8.93754	1
8.94367	2
8.9498	3
8.95593	4
8.96206	2
8.96819	2
8.97432	2
8.98045	1
8.98658	1
8.99271	1
8.99884	1
9.00497	1
9.0111	2
9.01723	1
9.02336	4
9.02949	1
9.03562	1
9.04175	3
9.04788	2
9.05401	2
9.06014	3
9.06627	1
9.0724	3
9.07853	1
9.08466	2
9.09079	1
9.09692	3
9.10305	2
9.10918	1
9.11531	2
9.12144	1
9.12757	1
9.1337	3
9.13983	4
9.14596	1
9.15209	1
9.15822	2
9.16435	3
9.17048	2
9.17661	2
9.18274	2
9.18887	3
9.195	1
9.20113	2
9.20726	2
9.21339	1
9.21952	2
9.22565	2
9.23178	1
9.23791	2
9.24404	1
9.25017	2
9.2563	2
9.26243	2
9.26856	3
9.27469	2
9.28082	3
9.28695	3
9.29308	1
9.29921	1
9.30534	1
9.31147	3
9.3176	3
9.32373	2
9.32986	1
9.33599	1
9.34212	1
9.34825	1
9.35438	1
9.36051	2
9.36664	2
9.37277	2
9.3789	2
9.38503	2
9.39116	1
9.39729	1
9.40342	3
9.40955	1
9.41568	1
9.42181	1
9.42794	2
9.43407	1
9.4402	2
9.44633	1
9.45246	4
9.45859	2
9.46472	3
9.47085	1
9.47698	2
9.48311	1
9.48924	3
9.49537	2
9.5015	1
9.50763	2
9.51376	1
9.51989	1
9.52602	1
9.53215	1
9.53828	1
9.54441	1
9.55054	1
9.55667	1
9.5628	2
9.56893	1
9.57506	1
9.58119	3
9.58732	1
9.59345	2
9.59958	2
9.60571	4
9.61184	1
9.61797	1
9.6241	3
9.63023	1
9.63636	1
9.64249	1
9.64862	2
9.65475	1
9.66088	3
9.66701	1
9.67314	1
9.67927	2
9.6854	1
9.69153	3
9.69766	1
9.70379	3
9.70992	2
9.71605	1
9.72218	1
9.72831	1
9.73444	1
9.74057	1
9.7467	2
9.75283	1
9.75896	2
9.76509	1
9.77122	1
9.77735	1
9.78348	1
9.78961	2
9.79574	1
9.80187	1
9.808	2
9.81413	1
9.82026	2
9.82639	1
9.83252	1
9.83865	2
9.84478	1
9.85091	2
9.85704	1
9.86317	1
9.8693	1
9.87543	4
9.88156	1
9.88769	2
9.89382	1
9.89995	1
9.90608	2
9.91221	2
9.91834	1
9.92447	2
9.9306	1
9.93673	1
9.94286	2
9.94899	1
9.95512	1
9.96125	1
9.96738	2
9.97351	1
9.97964	3
9.98577	3
9.9919	3
9.99803	3
10.00416	2
10.01029	1
10.01642	2
10.02255	1
10.02868	2
10.03481	3
10.04094	2
10.04707	1
10.0532	2
10.05933	1
10.06546	2
10.07159	1
10.07772	1
10.08385	1
10.08998	4
10.09611	2
10.10224	2
10.10837	2
10.1145	3
10.12063	2
10.12676	3
10.13289	2
10.13902	2
10.14515	2
10.15128	1
10.15741	2
10.16354	1
10.16967	2
10.1758	2
10.18193	1
10.18806	2
10.19419	1
10.20032	1
10.20645	3
10.21258	1
10.21871	1
10.22484	2
10.23097	1
10.2371	2
10.24323	1
10.24936	2
10.25549	2
10.26162	2
10.26775	1
10.27388	3
10.28001	1
10.28614	1
10.29227	1
10.2984	1
10.30453	2
10.31066	1
10.31679	1
10.32292	1
10.32905	3
10.33518	3
10.34131	2
10.34744	2
10.35357	6
10.3597	2
10.36583	1
10.37196	1
10.37809	1
10.38422	2
10.39035	1
10.39648	2
10.40261	2
10.40874	1
10.41487	1
10.421	3
10.42713	2
10.43326	2
10.43939	2
10.44552	2
10.45165	2
10.45778	3
10.46391	3
10.47004	2
10.47617	3
10.4823	3
10.48843	2
10.49456	2
10.50069	3
10.50682	1
10.51295	1
10.51908	3
10.52521	3
10.53134	3
10.53747	1
10.5436	2
10.54973	2
10.55586	3
10.56199	2
10.56812	1
10.57425	2
10.58038	1
10.58651	1
10.59264	3
10.59877	2
10.6049	1
10.61103	2
10.61716	2
10.62329	3
10.62942	2
10.63555	3
10.64168	3
10.64781	3
10.65394	1
10.66007	3
10.6662	6
10.67233	1
10.67846	2
10.68459	3
10.69072	1
10.69685	1
10.70298	4
10.70911	4
10.71524	2
10.72137	2
10.7275	4
10.73363	2
10.73976	1
10.74589	4
10.75202	4
10.75815	1
10.76428	2
10.77041	2
10.77654	3
10.78267	2
10.7888	3
10.79493	2
10.80106	1
10.80719	3
10.81332	2
10.81945	3
10.82558	4
10.83171	2
10.83784	1
10.84397	1
10.8501	3
10.85623	1
10.86236	2
10.86849	3
10.87462	4
10.88075	6
10.88688	3
10.89301	3
10.89914	2
10.90527	7
10.9114	4
10.91753	2
10.92366	3
10.92979	2
10.93592	5
10.94205	2
10.94818	5
10.95431	3
10.96044	4
10.96657	3
10.9727	3
10.97883	1
10.98496	5
10.99109	5
10.99722	1
11.00335	5
11.00948	3
11.01561	3
11.02174	2
11.02787	1
11.034	2
11.04013	2
11.04626	4
11.05239	3
11.05852	4
11.06465	1
11.07078	3
11.07691	1
11.08304	4
11.08917	1
11.0953	3
11.10143	3
11.10756	1
11.11369	4
11.11982	5
11.12595	1
11.13208	2
11.13821	3
11.14434	2
11.15047	1
11.1566	1
11.16273	3
11.16886	3
11.17499	2
11.18112	3
11.18725	7
11.19338	2
11.19951	3
11.20564	3
11.21177	1
11.2179	2
11.22403	2
11.23016	2
11.23629	1
11.24242	2
11.24855	6
11.25468	1
11.26081	7
11.26694	2
11.27307	2
11.2792	3
11.28533	4
11.29146	3
11.29759	4
11.30372	2
11.30985	2
11.31598	4
11.32211	4
11.32824	4
11.33437	2
11.3405	1
11.34663	4
11.35276	2
11.35889	4
11.36502	3
11.37115	5
11.37728	4
11.38341	3
11.38954	1
11.39567	4
11.4018	1
11.40793	4
11.41406	4
11.42019	2
11.42632	3
11.43245	4
11.43858	2
11.44471	3
11.45084	2
11.45697	2
11.4631	3
11.46923	4
11.47536	3
11.48149	3
11.48762	2
11.49375	3
11.49988	3
11.50601	2
11.51214	3
11.51827	4
11.5244	2
11.53053	1
11.53666	2
11.54279	2
11.54892	3
11.55505	3
11.56118	1
11.56731	2
11.57344	1
11.57957	3
11.5857	1
11.59183	2
11.59796	1
11.60409	2
11.61022	1
11.61635	3
11.62248	2
11.62861	1
11.63474	3
11.64087	3
11.647	1
11.65313	3
11.65926	1
11.66539	2
11.67152	1
11.67765	4
11.68378	1
11.68991	1
11.69604	3
11.70217	5
11.7083	2
11.71443	4
11.72056	1
11.72669	3
11.73282	3
11.73895	1
11.74508	3
11.75121	2
11.75734	2
11.76347	2
11.7696	1
11.77573	1
11.78186	4
11.78799	3
11.79412	1
11.80025	3
11.80638	4
11.81251	3
11.81864	1
11.82477	3
11.8309	4
11.83703	1
11.84316	4
11.84929	4
11.85542	2
11.86155	2
11.86768	1
11.87381	3
11.87994	2
11.88607	2
11.8922	1
11.89833	2
11.90446	4
11.91059	2
11.91672	1
11.92285	1
11.92898	4
11.93511	2
11.94124	2
11.94737	1
11.9535	2
11.95963	2
11.96576	2
11.97189	1
11.97802	1
11.98415	1
11.99028	2
11.99641	1
12.00254	2
12.00867	1
12.0148	2
12.02093	1
12.02706	1
12.03319	2
12.03932	3
12.04545	2
12.05158	2
12.05771	1
12.06384	2
12.06997	2
12.0761	1
12.08223	5
12.08836	5
12.09449	1
12.10062	7
12.10675	3
12.11288	1
12.11901	2
12.12514	1
12.13127	1
12.1374	1
12.14353	1
12.14966	4
12.15579	1
12.16192	1
12.16805	2
12.17418	1
12.18031	3
12.18644	3
12.19257	5
12.1987	3
12.20483	1
12.21096	1
12.21709	2
12.22322	2
12.22935	2
12.23548	1
12.24161	1
12.24774	4
12.25387	1
12.26	2
12.26613	3
12.27226	4
12.27839	3
12.28452	1
12.29065	3
12.29678	2
12.30291	1
12.30904	1
12.31517	1
12.3213	3
12.32743	3
12.33356	1
12.33969	1
12.34582	2
12.35195	3
12.35808	2
12.36421	2
12.37034	4
12.37647	2
12.3826	2
12.38873	3
12.39486	2
12.40099	2
12.40712	2
12.41325	3
12.41938	2
12.42551	2
12.43164	3
12.43777	3
12.4439	3
12.45003	4
12.45616	2
12.46229	2
12.46842	2
12.47455	2
12.48068	1
12.48681	1
12.49294	2
12.49907	5
12.5052	2
12.51133	2
12.51746	4
12.52359	2
12.52972	3
12.53585	2
12.54198	5
12.54811	3
12.55424	1
12.56037	1
12.5665	3
12.57263	1
12.57876	1
12.58489	3
12.59102	3
12.59715	3
12.60328	3
12.60941	2
12.61554	4
12.62167	2
12.6278	2
12.63393	2
12.64006	5
12.64619	3
12.65232	4
12.65845	4
12.66458	5
12.67071	4
12.67684	2
12.68297	1
12.6891	2
12.69523	5
12.70136	6
12.70749	4
12.71362	4
12.71975	3
12.72588	3
12.73201	2
12.73814	3
12.74427	1
12.7504	1
12.75653	6
12.76266	3
12.76879	1
12.77492	6
12.78105	4
12.78718	4
12.79331	3
12.79944	1
12.80557	3
12.8117	5
12.81783	1
12.82396	5
12.83009	3
12.83622	5
12.84235	2
12.84848	2
12.85461	5
12.86074	4
12.86687	6
12.873	3
12.87913	5
12.88526	3
12.89139	2
12.89752	2
12.90365	7
12.90978	4
12.91591	2
12.92204	4
12.92817	5
12.9343	6
12.94043	8
12.94656	5
12.95269	6
12.95882	4
12.96495	2
12.97108	5
12.97721	5
12.98334	6
12.98947	5
12.9956	4
13.00173	6
13.00786	3
13.01399	6
13.02012	4
13.02625	8
13.03238	4
13.03851	7
13.04464	5
13.05077	8
13.0569	10
13.06303	11
13.06916	5
13.07529	4
13.08142	7
13.08755	6
13.09368	7
13.09981	9
13.10594	6
13.11207	9
13.1182	8
13.12433	4
13.13046	9
13.13659	5
13.14272	8
13.14885	4
13.15498	11
13.16111	6
13.16724	4
13.17337	6
13.1795	9
13.18563	10
13.19176	7
13.19789	10
13.20402	6
13.21015	10
13.21628	12
13.22241	4
13.22854	5
13.23467	7
13.2408	9
13.24693	12
13.25306	7
13.25919	15
13.26532	8
13.27145	4
13.27758	13
13.28371	11
13.28984	8
13.29597	11
13.3021	14
13.30823	13
13.31436	8
13.32049	20
13.32662	7
13.33275	14
13.33888	12
13.34501	13
13.35114	10
13.35727	15
13.3634	12
13.36953	12
13.37566	13
13.38179	14
13.38792	24
13.39405	15
13.40018	17
13.40631	14
13.41244	20
13.41857	25
13.4247	31
13.43083	23
13.43696	19
13.44309	20
13.44922	27
13.45535	35
13.46148	22
13.46761	36
13.47374	44
13.47987	55
13.486	62
13.49213	64
13.49826	81
13.50439	89
13.51052	106
13.51665	134
13.52278	129
13.52891	159
13.53504	215
13.54117	236
13.5473	242
13.55343	258
13.55956	311
13.56569	370
13.57182	415
13.57795	460
13.58408	541
13.59021	598
13.59634	712
13.60247	803
13.6086	895
13.61473	1020
13.62086	1191
13.62699	1273
13.63312	1438
13.63925	1633
13.64538	1688
13.65151	1911
13.65764	2165
13.66377	2354
13.6699	2592
13.67603	2809
13.68216	3087
13.68829	3252
13.69442	3538
13.70055	3776
13.70668	4082
13.71281	4439
13.71894	4688
13.72507	5004
13.7312	5243
13.73733	5544
13.74346	5927
13.74959	6055
13.75572	6625
13.76185	6875
13.76798	7114
13.77411	7468
13.78024	7664
13.78637	7828
13.7925	8137
13.79863	8316
13.80476	8606
13.81089	8804
13.81702	8999
13.82315	9208
13.82928	9239
13.83541	9409
13.84154	9524
13.84767	9740
13.8538	9623
13.85993	9870
13.86606	9776
13.87219	9965
13.87832	9814
13.88445	9879
13.89058	9726
13.89671	9858
13.90284	9674
13.90897	9738
13.9151	9716
13.92123	9508
13.92736	9470
13.93349	9244
13.93962	9296
13.94575	9056
13.95188	8917
13.95801	8819
13.96414	8758
13.97027	8500
13.9764	8504
13.98253	8366
13.98866	8048
13.99479	7959
14.00092	7997
14.00705	7713
14.01318	7487
14.01931	7498
14.02544	7189
14.03157	7116
14.0377	7050
14.04383	7008
14.04996	6887
14.05609	6581
14.06222	6292
14.06835	6332
14.07448	6104
14.08061	6146
14.08674	5998
14.09287	5836
14.099	5654
14.10513	5424
14.11126	5466
14.11739	5311
14.12352	5152
14.12965	5004
14.13578	5118
14.14191	4919
14.14804	4857
14.15417	4745
14.1603	4686
14.16643	4549
14.17256	4566
14.17869	4497
14.18482	4290
14.19095	4237
14.19708	4218
14.20321	4019
14.20934	3995
14.21547	3868
14.2216	3804
14.22773	3757
14.23386	3672
14.23999	3558
14.24612	3439
14.25225	3481
14.25838	3469
14.26451	3397
14.27064	3349
14.27677	3295
14.2829	3205
14.28903	3199
14.29516	3211
14.30129	3139
14.30742	2977
14.31355	2928
14.31968	2858
14.32581	2921
14.33194	2821
14.33807	2682
14.3442	2719
14.35033	2673
14.35646	2503
14.36259	2458
14.36872	2564
14.37485	2483
14.38098	2481
14.38711	2418
14.39324	2384
14.39937	2278
14.4055	2268
14.41163	2315
14.41776	2175
14.42389	2248
14.43002	2234
14.43615	2028
14.44228	2141
14.44841	1963
14.45454	2024
14.46067	1976
14.4668	1960
14.47293	1856
14.47906	1849
14.48519	1863
14.49132	1798
14.49745	1831
14.50358	1804
14.50971	1765
14.51584	1677
14.52197	1714
14.5281	1675
14.53423	1673
14.54036	1627
14.54649	1642
14.55262	1608
14.55875	1521
14.56488	1525
14.57101	1590
14.57714	1430
14.58327	1522
14.5894	1463
14.59553	1427
14.60166	1412
14.60779	1473
14.61392	1357
14.62005	1367
14.62618	1398
14.63231	1305
14.63844	1338
14.64457	1293
14.6507	1246
14.65683	1321
14.66296	1237
14.66909	1259
14.67522	1181
14.68135	1190
14.68748	1177
14.69361	1169
14.69974	1131
14.70587	1104
14.712	1129
14.71813	1126
14.72426	1096
14.73039	1072
14.73652	1047
14.74265	1026
14.74878	1016
14.75491	1031
14.76104	1004
14.76717	984
14.7733	1034
14.77943	968
14.78556	950
14.79169	909
14.79782	948
14.80395	917
14.81008	922
14.81621	931
14.82234	935
14.82847	874
14.8346	914
14.84073	854
14.84686	801
14.85299	840
14.85912	791
14.86525	847
14.87138	784
14.87751	846
14.88364	849
14.88977	796
14.8959	710
14.90203	804
14.90816	776
14.91429	774
14.92042	767
14.92655	744
14.93268	736
14.93881	697
14.94494	716
14.95107	686
14.9572	756
14.96333	700
14.96946	750
14.97559	649
14.98172	681
14.98785	703
14.99398	691
15.00011	682
15.00624	656
15.01237	657
15.0185	645
15.02463	645
15.03076	593
15.03689	651
15.04302	617
15.04915	593
15.05528	570
15.06141	582
15.06754	590
15.07367	621
15.0798	618
15.08593	622
15.09206	570
15.09819	566
15.10432	557
15.11045	510
15.11658	557
15.12271	601
15.12884	530
15.13497	529
15.1411	531
15.14723	551
15.15336	508
15.15949	547
15.16562	550
15.17175	489
15.17788	469
15.18401	507
15.19014	520
15.19627	502
15.2024	499
15.20853	526
15.21466	464
15.22079	460
15.22692	483
15.23305	465
15.23918	466
15.24531	466
15.25144	467
15.25757	448
15.2637	438
15.26983	423
15.27596	412
15.28209	427
15.28822	444
15.29435	431
15.30048	399
15.30661	415
15.31274	424
15.31887	438
15.325	399
15.33113	413
15.33726	415
15.34339	421
15.34952	346
15.35565	419
15.36178	407
15.36791	414
15.37404	429
15.38017	376
15.3863	400
15.39243	400
15.39856	395
15.40469	395
15.41082	400
15.41695	389
15.42308	367
15.42921	427
15.43534	351
15.44147	390
15.4476	325
15.45373	379
15.45986	366
15.46599	384
15.47212	351
15.47825	341
15.48438	352
15.49051	343
15.49664	335
15.50277	375
15.5089	318
15.51503	324
15.52116	349
15.52729	333
15.53342	323
15.53955	308
15.54568	335
15.55181	313
15.55794	334
15.56407	320
15.5702	361
15.57633	349
15.58246	314
15.58859	340
15.59472	307
15.60085	299
15.60698	319
15.61311	301
15.61924	283
15.62537	309
15.6315	285
15.63763	268
15.64376	286
15.64989	306
15.65602	269
15.66215	301
15.66828	260
15.67441	322
15.68054	268
15.68667	269
15.6928	266
15.69893	305
15.70506	270
15.71119	239
15.71732	232
15.72345	286
15.72958	246
15.73571	253
15.74184	247
15.74797	288
15.7541	266
15.76023	271
15.76636	295
15.77249	250
15.77862	276
15.78475	252
15.79088	220
15.79701	270
15.80314	260
15.80927	234
15.8154	267
15.82153	213
15.82766	250
15.83379	240
15.83992	249
15.84605	231
15.85218	237
15.85831	256
15.86444	253
15.87057	280
15.8767	252
15.88283	245
15.88896	246
15.89509	235
15.90122	207
15.90735	235
15.91348	241
15.91961	211
15.92574	241
15.93187	239
15.938	267
15.94413	212
15.95026	215
15.95639	212
15.96252	198
15.96865	244
15.97478	244
15.98091	223
15.98704	215
15.99317	210
15.9993	180
16.00543	230
16.01156	196
16.01769	196
16.02382	224
16.02995	189
16.03608	216
16.04221	190
16.04834	200
16.05447	219
16.0606	191
16.06673	196
16.07286	204
16.07899	185
16.08512	193
16.09125	203
16.09738	203
16.10351	189
16.10964	180
16.11577	172
16.1219	177
16.12803	205
16.13416	180
16.14029	198
16.14642	176
16.15255	199
16.15868	169
16.16481	199
16.17094	189
16.17707	192
16.1832	165
16.18933	148
16.19546	179
16.20159	209
16.20772	151
16.21385	200
16.21998	178
16.22611	184
16.23224	182
16.23837	167
16.2445	180
16.25063	176
16.25676	159
16.26289	166
16.26902	177
16.27515	167
16.28128	154
16.28741	163
16.29354	162
16.29967	180
16.3058	185
16.31193	164
16.31806	164
16.32419	143
16.33032	161
16.33645	162
16.34258	165
16.34871	137
16.35484	167
16.36097	149
16.3671	182
16.37323	160
16.37936	152
16.38549	158
16.39162	123
16.39775	143
16.40388	129
16.41001	157
16.41614	146
16.42227	150
16.4284	150
16.43453	146
16.44066	140
16.44679	145
16.45292	144
16.45905	124
16.46518	140
16.47131	139
16.47744	128
16.48357	142
16.4897	142
16.49583	131
16.50196	150
16.50809	131
16.51422	153
16.52035	129
16.52648	128
16.53261	143
16.53874	128
16.54487	143
16.551	124
16.55713	132
16.56326	135
16.56939	132
16.57552	139
16.58165	129
16.58778	147
16.59391	129
16.60004	141
16.60617	121
16.6123	146
16.61843	108
16.62456	128
16.63069	123
16.63682	106
16.64295	147
16.64908	104
16.65521	113
16.66134	128
16.66747	126
16.6736	114
16.67973	130
16.68586	128
16.69199	128
16.69812	124
16.70425	116
16.71038	111
16.71651	123
16.72264	119
16.72877	130
16.7349	127
16.74103	123
16.74716	113
16.75329	98
16.75942	116
16.76555	107
16.77168	123
16.77781	110
16.78394	110
16.79007	116
16.7962	113
16.80233	104
16.80846	115
16.81459	107
16.82072	103
16.82685	114
16.83298	112
16.83911	102
16.84524	107
16.85137	94
16.8575	131
16.86363	110
16.86976	109
16.87589	93
16.88202	109
16.88815	106
16.89428	104
16.90041	117
16.90654	99
16.91267	96
16.9188	109
16.92493	88
16.93106	112
16.93719	93
16.94332	103
16.94945	115
16.95558	102
16.96171	107
16.96784	100
16.97397	106
16.9801	113
16.98623	105
16.99236	94
16.99849	80
17.00462	90
17.01075	92
17.01688	99
17.02301	95
17.02914	100
17.03527	102
17.0414	85
17.04753	113
17.05366	81
17.05979	100
17.06592	98
17.07205	78
17.07818	96
17.08431	91
17.09044	87
17.09657	97
17.1027	92
17.10883	80
17.11496	86
17.12109	79
17.12722	76
17.13335	88
17.13948	94
17.14561	99
17.15174	82
17.15787	97
17.164	89
17.17013	75
17.17626	95
17.18239	89
17.18852	91
17.19465	93
17.20078	82
17.20691	83
17.21304	92
17.21917	76
17.2253	83
17.23143	99
17.23756	93
17.24369	77
17.24982	73
17.25595	97
17.26208	80
17.26821	79
17.27434	74
17.28047	76
17.2866	79
17.29273	103
17.29886	69
17.30499	82
17.31112	79
17.31725	84
17.32338	77
17.32951	71
17.33564	73
17.34177	92
17.3479	78
17.35403	92
17.36016	81
17.36629	90
17.37242	73
17.37855	83
17.38468	76
17.39081	73
17.39694	89
17.40307	59
17.4092	70
17.41533	57
17.42146	60
17.42759	71
17.43372	65
17.43985	76
17.44598	70
17.45211	78
17.45824	71
17.46437	70
17.4705	76
17.47663	65
17.48276	64
17.48889	74
17.49502	68
17.50115	60
17.50728	65
17.51341	65
17.51954	66
17.52567	50
17.5318	70
17.53793	75
17.54406	64
17.55019	66
17.55632	55
17.56245	64
17.56858	71
17.57471	84
17.58084	60
17.58697	56
17.5931	54
17.59923	55
17.60536	65
17.61149	90
17.61762	67
17.62375	67
17.62988	65
17.63601	81
17.64214	73
17.64827	80
17.6544	65
17.66053	62
17.66666	71
17.67279	67
17.67892	65
17.68505	58
17.69118	70
17.69731	54
17.70344	63
17.70957	74
17.7157	68
17.72183	65
17.72796	65
17.73409	66
17.74022	44
17.74635	74
17.75248	47
17.75861	56
17.76474	60
17.77087	56
17.777	45
17.78313	56
17.78926	58
17.79539	76
17.80152	55
17.80765	47
17.81378	59
17.81991	35
17.82604	62
17.83217	53
17.8383	49
17.84443	69
17.85056	57
17.85669	54
17.86282	52
17.86895	62
17.87508	66
17.88121	54
17.88734	49
17.89347	57
17.8996	55
17.90573	64
17.91186	49
17.91799	54
17.92412	42
17.93025	47
17.93638	41
17.94251	53
17.94864	54
17.95477	49
17.9609	66
17.96703	51
17.97316	40
17.97929	46
17.98542	37
17.99155	57
17.99768	51
18.00381	48
18.00994	51
18.01607	51
18.0222	48
18.02833	45
18.03446	44
18.04059	58
18.04672	51
18.05285	66
18.05898	51
18.06511	39
18.07124	60
18.07737	43
18.0835	57
18.08963	41
18.09576	45
18.10189	41
18.10802	55
18.11415	30
18.12028	40
18.12641	47
18.13254	54
18.13867	39
18.1448	54
18.15093	55
18.15706	42
18.16319	51
18.16932	56
18.17545	51
18.18158	44
18.18771	39
18.19384	51
18.19997	56
18.2061	36
18.21223	41
18.21836	38
18.22449	57
18.23062	45
18.23675	44
18.24288	45
18.24901	39
18.25514	41
18.26127	45
18.2674	35
18.27353	33
18.27966	55
18.28579	43
18.29192	43
18.29805	44
18.30418	38
18.31031	53
18.31644	35
18.32257	58
18.3287	32
18.33483	44
18.34096	39
18.34709	34
18.35322	43
18.35935	40
18.36548	41
18.37161	42
18.37774	39
18.38387	42
18.39	31
18.39613	27
18.40226	42
18.40839	41
18.41452	42
18.42065	39
18.42678	52
18.43291	27
18.43904	53
18.44517	38
18.4513	42
18.45743	38
18.46356	29
18.46969	36
18.47582	23
18.48195	37
18.48808	51
18.49421	30
18.50034	43
18.50647	42
18.5126	34
18.51873	34
18.52486	43
18.53099	43
18.53712	40
18.54325	40
18.54938	48
18.55551	44
18.56164	32
18.56777	43
18.5739	36
18.58003	41
18.58616	30
18.59229	45
18.59842	36
18.60455	45
18.61068	26
18.61681	38
18.62294	32
18.62907	33
18.6352	37
18.64133	32
18.64746	33
18.65359	30
18.65972	41
18.66585	24
18.67198	21
18.67811	44
18.68424	26
18.69037	38
18.6965	36
18.70263	36
18.70876	44
18.71489	27
18.72102	32
18.72715	28
18.73328	33
18.73941	30
18.74554	28
18.75167	24
18.7578	21
18.76393	41
18.77006	31
18.77619	30
18.78232	32
18.78845	25
18.79458	30
18.80071	30
18.80684	42
18.81297	34
18.8191	29
18.82523	25
18.83136	34
18.83749	32
18.84362	30
18.84975	27
18.85588	36
18.86201	30
18.86814	44
18.87427	30
18.8804	30
18.88653	24
18.89266	25
18.89879	35
18.90492	26
18.91105	37
18.91718	32
18.92331	30
18.92944	30
18.93557	26
18.9417	30
18.94783	32
18.95396	32
18.96009	29
18.96622	27
18.97235	31
18.97848	27
18.98461	27
18.99074	25
18.99687	27
19.003	34
19.00913	36
19.01526	25
19.02139	32
19.02752	27
19.03365	30
19.03978	22
19.04591	25
19.05204	29
19.05817	36
19.0643	26
19.07043	32
19.07656	25
19.08269	31
19.08882	25
19.09495	25
19.10108	22
19.10721	37
19.11334	40
19.11947	30
19.1256	24
19.13173	32
19.13786	32
19.14399	16
19.15012	20
19.15625	25
19.16238	27
19.16851	28
19.17464	24
19.18077	15
19.1869	22
19.19303	30
19.19916	31
19.20529	23
19.21142	34
19.21755	27
19.22368	35
19.22981	35
19.23594	23
19.24207	26
19.2482	26
19.25433	29
19.26046	22
19.26659	31
19.27272	15
19.27885	25
19.28498	20
19.29111	29
19.29724	22
19.30337	22
19.3095	30
19.31563	27
19.32176	27
19.32789	20
19.33402	19
19.34015	23
19.34628	27
19.35241	22
19.35854	17
19.36467	26
19.3708	21
19.37693	25
19.38306	20
19.38919	28
19.39532	23
19.40145	16
19.40758	25
19.41371	27
19.41984	22
19.42597	19
19.4321	25
19.43823	19
19.44436	22
19.45049	22
19.45662	25
19.46275	22
19.46888	24
19.47501	18
19.48114	22
19.48727	25
19.4934	32
19.49953	26
19.50566	29
19.51179	29
19.51792	23
19.52405	20
19.53018	24
19.53631	24
19.54244	18
19.54857	30
19.5547	24
19.56083	18
19.56696	17
19.57309	27
19.57922	21
19.58535	26
19.59148	25
19.59761	22
19.60374	17
19.60987	24
19.616	25
19.62213	17
19.62826	18
19.63439	21
19.64052	20
19.64665	16
19.65278	27
19.65891	23
19.66504	23
19.67117	16
19.6773	10
19.68343	21
19.68956	19
19.69569	13
19.70182	23
19.70795	19
19.71408	23
19.72021	15
19.72634	24
19.73247	16
19.7386	15
19.74473	20
19.75086	22
19.75699	23
19.76312	16
19.76925	19
19.77538	17
19.78151	18
19.78764	16
19.79377	21
19.7999	12
19.80603	22
19.81216	21
19.81829	22
19.82442	19
19.83055	17
19.83668	16
19.84281	11
19.84894	22
19.85507	27
19.8612	15
19.86733	11
19.87346	22
19.87959	18
19.88572	16
19.89185	26
19.89798	20
19.90411	13
19.91024	15
19.91637	16
19.9225	12
19.92863	16
19.93476	19
19.94089	15
19.94702	16
19.95315	21
19.95928	16
19.96541	21
19.97154	16
19.97767	24
19.9838	15
19.98993	22
19.99606	14
20.00219	18
20.00832	19
20.01445	16
20.02058	20
20.02671	21
20.03284	16
20.03897	15
20.0451	18
20.05123	21
20.05736	21
20.06349	15
20.06962	20
20.07575	15
20.08188	21
20.08801	18
20.09414	20
20.10027	11
20.1064	14
20.11253	19
20.11866	22
20.12479	12
20.13092	18
20.13705	11
20.14318	13
20.14931	11
20.15544	14
20.16157	17
20.1677	14
20.17383	14
20.17996	8
20.18609	11
20.19222	14
20.19835	11
20.20448	10
20.21061	19
20.21674	21
20.22287	17
20.229	13
20.23513	12
20.24126	7
20.24739	12
20.25352	12
20.25965	16
20.26578	13
20.27191	13
20.27804	14
20.28417	15
20.2903	18
20.29643	17
20.30256	15
20.30869	16
20.31482	23
20.32095	11
20.32708	17
20.33321	10
20.33934	12
20.34547	18
20.3516	10
20.35773	21
20.36386	14
20.36999	15
20.37612	15
20.38225	15
20.38838	16
20.39451	14
20.40064	13
20.40677	16
20.4129	13
20.41903	20
20.42516	6
20.43129	19
20.43742	12
20.44355	13
20.44968	16
20.45581	17
20.46194	16
20.46807	12
20.4742	13
20.48033	20
20.48646	18
20.49259	15
20.49872	14
20.50485	13
20.51098	11
20.51711	14
20.52324	17
20.52937	18
20.5355	8
20.54163	16
20.54776	13
20.55389	11
20.56002	7
20.56615	16
20.57228	9
20.57841	10
20.58454	17
20.59067	11
20.5968	19
20.60293	8
20.60906	14
20.61519	11
20.62132	8
20.62745	6
20.63358	11
20.63971	10
20.64584	10
20.65197	12
20.6581	11
20.66423	8
20.67036	9
20.67649	18
20.68262	9
20.68875	10
20.69488	13
20.70101	13
20.70714	12
20.71327	11
20.7194	11
20.72553	15
20.73166	21
20.73779	11
20.74392	14
20.75005	9
20.75618	14
20.76231	12
20.76844	8
20.77457	15
20.7807	13
20.78683	8
20.79296	13
20.79909	17
20.80522	9
20.81135	8
20.81748	17
20.82361	9
20.82974	16
20.83587	7
20.842	7
20.84813	10
20.85426	11
20.86039	6
20.86652	13
20.87265	10
20.87878	8
20.88491	9
20.89104	16
20.89717	9
20.9033	10
20.90943	10
20.91556	12
20.92169	12
20.92782	11
20.93395	11
20.94008	8
20.94621	12
20.95234	5
20.95847	13
20.9646	9
20.97073	12
20.97686	10
20.98299	11
20.98912	12
20.99525	14
21.00138	9
21.00751	8
21.01364	14
21.01977	12
21.0259	6
21.03203	7
21.03816	13
21.04429	9
21.05042	9
21.05655	10
21.06268	10
21.06881	13
21.07494	8
21.08107	8
21.0872	6
21.09333	6
21.09946	10
21.10559	16
21.11172	12
21.11785	9
21.12398	12
21.13011	8
21.13624	9
21.14237	8
21.1485	11
21.15463	9
21.16076	7
21.16689	14
21.17302	7
21.17915	7
21.18528	8
21.19141	17
21.19754	9
21.20367	3
21.2098	14
21.21593	6
21.22206	8
21.22819	15
21.23432	13
21.24045	10
21.24658	8
21.25271	14
21.25884	10
21.26497	8
21.2711	14
21.27723	10
21.28336	10
21.28949	14
21.29562	13
21.30175	8
21.30788	8
21.31401	11
21.32014	7
21.32627	15
21.3324	8
21.33853	15
21.34466	8
21.35079	10
21.35692	6
21.36305	5
21.36918	13
21.37531	8
21.38144	9
21.38757	9
21.3937	6
21.39983	6
21.40596	11
21.41209	4
21.41822	9
21.42435	8
21.43048	9
21.43661	4
21.44274	6
21.44887	13
21.455	11
21.46113	9
21.46726	8
21.47339	7
21.47952	4
21.48565	5
21.49178	13
21.49791	13
21.50404	10
21.51017	7
21.5163	11
21.52243	10
21.52856	8
21.53469	12
21.54082	11
21.54695	12
21.55308	8
21.55921	8
21.56534	9
21.57147	5
21.5776	5
21.58373	8
21.58986	10
21.59599	5
21.60212	3
21.60825	6
21.61438	5
21.62051	7
21.62664	9
21.63277	8
21.6389	10
21.64503	10
21.65116	8
21.65729	8
21.66342	9
21.66955	9
21.67568	14
21.68181	6
21.68794	4
21.69407	4
21.7002	9
21.70633	11
21.71246	13
21.71859	9
21.72472	8
21.73085	8
21.73698	7
21.74311	3
21.74924	6
21.75537	15
21.7615	8
21.76763	6
21.77376	6
21.77989	12
21.78602	8
21.79215	7
21.79828	11
21.80441	8
21.81054	11
21.81667	8
21.8228	4
21.82893	8
21.83506	5
21.84119	12
21.84732	6
21.85345	8
21.85958	10
21.86571	5
21.87184	8
21.87797	5
21.8841	6
21.89023	5
21.89636	8
21.90249	12
21.90862	4
21.91475	11
21.92088	11
21.92701	8
21.93314	7
21.93927	5
21.9454	8
21.95153	4
21.95766	9
21.96379	9
21.96992	8
21.97605	7
21.98218	8
21.98831	9
21.99444	7
22.00057	9
22.0067	7
22.01283	9
22.01896	13
22.02509	11
22.03122	10
22.03735	5
22.04348	5
22.04961	4
22.05574	7
22.06187	7
22.068	6
22.07413	8
22.08026	10
22.08639	5
22.09252	7
22.09865	9
22.10478	5
22.11091	7
22.11704	7
22.12317	6
22.1293	10
22.13543	2
22.14156	11
22.14769	9
22.15382	3
22.15995	7
22.16608	8
22.17221	8
22.17834	3
22.18447	5
22.1906	7
22.19673	6
22.20286	4
22.20899	4
22.21512	10
22.22125	4
22.22738	8
22.23351	8
22.23964	6
22.24577	4
22.2519	8
22.25803	5
22.26416	3
22.27029	9
22.27642	5
22.28255	7
22.28868	8
22.29481	5
22.30094	5
22.30707	7
22.3132	4
22.31933	8
22.32546	13
22.33159	9
22.33772	4
22.34385	5
22.34998	9
22.35611	8
22.36224	3
22.36837	9
22.3745	6
22.38063	8
22.38676	7
22.39289	5
22.39902	10
22.40515	6
22.41128	8
22.41741	3
22.42354	5
22.42967	9
22.4358	5
22.44193	4
22.44806	5
22.45419	4
22.46032	6
22.46645	3
22.47258	7
22.47871	5
22.48484	5
22.49097	6
22.4971	4
22.50323	8
22.50936	4
22.51549	4
22.52162	4
22.52775	6
22.53388	6
22.54001	6
22.54614	7
22.55227	8
22.5584	5
22.56453	6
22.57066	4
22.57679	6
22.58292	3
22.58905	8
22.59518	8
22.60131	7
22.60744	6
22.61357	5
22.6197	7
22.62583	5
22.63196	8
22.63809	4
22.64422	7
22.65035	4
22.65648	5
22.66261	5
22.66874	3
22.67487	7
22.681	10
22.68713	6
22.69326	3
22.69939	6
22.70552	6
22.71165	3
22.71778	8
22.72391	4
22.73004	8
22.73617	5
22.7423	4
22.74843	4
22.75456	5
22.76069	8
22.76682	8
22.77295	2
22.77908	5
22.78521	6
22.79134	4
22.79747	3
22.8036	5
22.80973	4
22.81586	7
22.82199	7
22.82812	4
22.83425	7
22.84038	4
22.84651	6
22.85264	6
22.85877	4
22.8649	7
22.87103	2
22.87716	2
22.88329	4
22.88942	5
22.89555	4
22.90168	10
22.90781	3
22.91394	6
22.92007	7
22.9262	6
22.93233	10
22.93846	4
22.94459	3
22.95072	3
22.95685	7
22.96298	6
22.96911	2
22.97524	5
22.98137	8
22.9875	6
22.99363	4
22.99976	7
23.00589	6
23.01202	4
23.01815	6
23.02428	3
23.03041	8
23.03654	5
23.04267	6
23.0488	1
23.05493	6
23.06106	4
23.06719	4
23.07332	6
23.07945	8
23.08558	9
23.09171	4
23.09784	5
23.10397	4
23.1101	2
23.11623	8
23.12236	6
23.12849	4
23.13462	6
23.14075	6
23.14688	4
23.15301	6
23.15914	9
23.16527	5
23.1714	2
23.17753	5
23.18366	4
23.18979	6
23.19592	8
23.20205	4
23.20818	4
23.21431	7
23.22044	7
23.22657	7
23.2327	5
23.23883	5
23.24496	4
23.25109	5
23.25722	4
23.26335	1
23.26948	5
23.27561	5
23.28174	2
23.28787	8
23.294	3
23.30013	1
23.30626	7
23.31239	4
23.31852	2
23.32465	4
23.33078	3
23.33691	3
23.34304	8
23.34917	3
23.3553	7
23.36143	2
23.36756	4
23.37369	3
23.37982	4
23.38595	7
23.39208	5
23.39821	6
23.40434	4
23.41047	7
23.4166	2
23.42273	5
23.42886	2
23.43499	4
23.44112	2
23.44725	3
23.45338	4
23.45951	6
23.46564	7
23.47177	4
23.4779	6
23.48403	3
23.49016	3
23.49629	3
23.50242	4
23.50855	1
23.51468	5
23.52081	4
23.52694	4
23.53307	9
23.5392	4
23.54533	2
23.55146	5
23.55759	5
23.56372	4
23.56985	9
23.57598	2
23.58211	4
23.58824	3
23.59437	4
23.6005	5
23.60663	8
23.61276	2
23.61889	2
23.62502	4
23.63115	5
23.63728	10
23.64341	6
23.64954	5
23.65567	3
23.6618	4
23.66793	5
23.67406	3
23.68019	9
23.68632	5
23.69245	5
23.69858	6
23.70471	6
23.71084	3
23.71697	6
23.7231	1
23.72923	3
23.73536	4
23.74149	5
23.74762	2
23.75375	5
23.75988	4
23.76601	6
23.77214	7
23.77827	3
23.7844	5
23.79053	4
23.79666	7
23.80279	4
23.80892	1
23.81505	3
23.82118	4
23.82731	6
23.83344	2
23.83957	3
23.8457	6
23.85183	1
23.85796	5
23.86409	4
23.87022	5
23.87635	4
23.88248	5
23.88861	4
23.89474	4
23.90087	4
23.907	6
23.91313	3
23.91926	4
23.92539	3
23.93152	5
23.93765	4
23.94378	1
23.94991	8
23.95604	5
23.96217	5
23.9683	5
23.97443	2
23.98056	2
23.98669	6
23.99282	3
23.99895	1
24.00508	4
24.01121	6
24.01734	1
24.02347	4
24.0296	5
24.03573	3
24.04186	4
24.04799	6
24.05412	3
24.06025	4
24.06638	4
24.07251	3
24.07864	4
24.08477	2
24.0909	4
24.09703	4
24.10316	4
24.10929	3
24.11542	3
24.12155	3
24.12768	3
24.13381	6
24.13994	3
24.14607	5
24.1522	4
24.15833	3
24.16446	3
24.17059	5
24.17672	2
24.18285	4
24.18898	4
24.19511	5
24.20124	2
24.20737	3
24.2135	4
24.21963	5
24.22576	2
24.23189	5
24.23802	4
24.24415	1
24.25028	1
24.25641	3
24.26254	4
24.26867	5
24.2748	1
24.28093	2
24.28706	3
24.29319	3
24.29932	7
24.30545	8
24.31158	1
24.31771	2
24.32384	5
24.32997	2
24.3361	5
24.34223	2
24.34836	5
24.35449	4
24.36062	3
24.36675	5
24.37288	4
24.37901	1
24.38514	3
24.39127	3
24.3974	4
24.40353	2
24.40966	2
24.41579	3
24.42192	6
24.42805	4
24.43418	4
24.44031	1
24.44644	4
24.45257	4
24.4587	2
24.46483	3
24.47096	4
24.47709	3
24.48322	3
24.48935	2
24.49548	3
24.50161	2
24.50774	5
24.51387	3
24.52	2
24.52613	5
24.53226	5
24.53839	6
24.54452	4
24.55065	2
24.55678	4
24.56291	5
24.56904	4
24.57517	4
24.5813	1
24.58743	6
24.59356	5
24.59969	1
24.60582	2
24.61195	4
24.61808	1
24.62421	5
24.63034	4
24.63647	2
24.6426	2
24.64873	4
24.65486	4
24.66099	3
24.66712	3
24.67325	2
24.67938	2
24.68551	1
24.69164	5
24.69777	3
24.7039	3
24.71003	6
24.71616	5
24.72229	1
24.72842	4
24.73455	2
24.74068	3
24.74681	5
24.75294	5
24.75907	4
24.7652	4
24.77133	2
24.77746	5
24.78359	3
24.78972	4
24.79585	3
24.80198	3
24.80811	3
24.81424	5
24.82037	6
24.8265	1
24.83263	3
24.83876	3
24.84489	3
24.85102	2
24.85715	3
24.86328	3
24.86941	4
24.87554	4
24.88167	5
24.8878	2
24.89393	5
24.90006	1
24.90619	1
24.91232	4
24.91845	6
24.92458	4
24.93071	3
24.93684	2
24.94297	3
24.9491	2
24.95523	4
24.96136	2
24.96749	2
24.97362	5
24.97975	2
24.98588	5
24.99201	3
24.99814	2
25.00427	5
25.0104	1
25.01653	2
25.02266	4
25.02879	1
25.03492	4
25.04105	5
25.04718	5
25.05331	3
25.05944	3
25.06557	3
25.0717	5
25.07783	2
25.08396	2
25.09009	6
25.09622	1
25.10235	2
25.10848	6
25.11461	3
25.12074	2
25.12687	4
25.133	3
25.13913	3
25.14526	4
25.15139	6
25.15752	2
25.16365	3
25.16978	5
25.17591	7
25.18204	5
25.18817	1
25.1943	4
25.20043	2
25.20656	2
25.21269	6
25.21882	4
25.22495	3
25.23108	1
25.23721	3
25.24334	2
25.24947	4
25.2556	6
25.26173	4
25.26786	3
25.27399	3
25.28012	2
25.28625	3
25.29238	5
25.29851	2
25.30464	1
25.31077	5
25.3169	1
25.32303	2
25.32916	4
25.33529	5
25.34142	6
25.34755	1
25.35368	8
25.35981	6
25.36594	1
25.37207	2
25.3782	1
25.38433	5
25.39046	2
25.39659	5
25.40272	1
25.40885	4
25.41498	2
25.42111	2
25.42724	2
25.43337	4
25.4395	1
25.44563	2
25.45176	2
25.45789	2
25.46402	1
25.47015	4
25.47628	2
25.48241	2
25.48854	3
25.49467	3
25.5008	1
25.50693	5
25.51306	4
25.51919	3
25.52532	2
25.53145	1
25.53758	1
25.54371	6
25.54984	2
25.55597	3
25.5621	1
25.56823	2
25.57436	7
25.58049	3
25.58662	4
25.59275	3
25.59888	4
25.60501	3
25.61114	2
25.61727	2
25.6234	1
25.62953	1
25.63566	3
25.64179	3
25.64792	2
25.65405	3
25.66018	5
25.66631	3
25.67244	2
25.67857	1
25.6847	2
25.69083	6
25.69696	2
25.70309	4
25.70922	4
25.71535	2
25.72148	5
25.72761	2
25.73374	2
25.73987	5
25.746	4
25.75213	1
25.75826	1
25.76439	3
25.77052	2
25.77665	2
25.78278	3
25.78891	3
25.79504	4
25.80117	3
25.8073	2
25.81343	4
25.81956	2
25.82569	2
25.83182	2
25.83795	3
25.84408	4
25.85021	5
25.85634	2
25.86247	1
25.8686	8
25.87473	3
25.88086	5
25.88699	1
25.89312	5
25.89925	2
25.90538	5
25.91151	2
25.91764	2
25.92377	1
25.9299	2
25.93603	1
25.94216	3
25.94829	4
25.95442	1
25.96055	3
25.96668	2
25.97281	2
25.97894	4
25.98507	2
25.9912	3
25.99733	2
26.00346	4
26.00959	2
26.01572	3
26.02185	3
26.02798	5
26.03411	3
26.04024	2
26.04637	2
26.0525	2
26.05863	3
26.06476	3
26.07089	1
26.07702	2
26.08315	4
26.08928	2
26.09541	5
26.10154	3
26.10767	4
26.1138	3
26.11993	2
26.12606	3
26.13219	2
26.13832	3
26.14445	2
26.15058	5
26.15671	3
26.16284	2
26.16897	4
26.1751	4
26.18123	5
26.18736	2
26.19349	2
26.19962	3
26.20575	3
26.21188	1
26.21801	3
26.22414	2
26.23027	1
26.2364	3
26.24253	1
26.24866	2
26.25479	5
26.26092	5
26.26705	4
26.27318	3
26.27931	3
26.28544	3
26.29157	2
26.2977	1
26.30383	1
26.30996	3
26.31609	2
26.32222	3
26.32835	2
26.33448	4
26.34061	3
26.34674	2
26.35287	2
26.359	1
26.36513	4
26.37126	3
26.37739	5
26.38352	3
26.38965	5
26.39578	3
26.40191	5
26.40804	3
26.41417	2
26.4203	1
26.42643	1
26.43256	1
26.43869	3
26.44482	3
26.45095	3
26.45708	3
26.46321	2
26.46934	3
26.47547	1
26.4816	2
26.48773	3
26.49386	2
26.49999	1
26.50612	3
26.51225	3
26.51838	1
26.52451	2
26.53064	2
26.53677	3
26.5429	3
26.54903	2
26.55516	2
26.56129	4
26.56742	3
26.57355	4
26.57968	5
26.58581	5
26.59194	2
26.59807	3
26.6042	3
26.61033	2
26.61646	2
26.62259	4
26.62872	3
26.63485	1
26.64098	2
26.64711	3
26.65324	4
26.65937	2
26.6655	2
26.67163	2
26.67776	2
26.68389	5
26.69002	4
26.69615	1
26.70228	2
26.70841	3
26.71454	4
26.72067	3
26.7268	1
26.73293	2
26.73906	3
26.74519	4
26.75132	4
26.75745	3
26.76358	4
26.76971	3
26.77584	3
26.78197	6
26.7881	6
26.79423	3
26.80036	3
26.80649	3
26.81262	1
26.81875	4
26.82488	2
26.83101	2
26.83714	2
26.84327	4
26.8494	2
26.85553	2
26.86166	3
26.86779	3
26.87392	2
26.88005	3
26.88618	3
26.89231	2
26.89844	2
26.90457	2
26.9107	2
26.91683	1
26.92296	3
26.92909	3
26.93522	6
26.94135	4
26.94748	3
26.95361	4
26.95974	2
26.96587	1
26.972	5
26.97813	2
26.98426	2
26.99039	3
26.99652	3
27.00265	4
27.00878	1
27.01491	2
27.02104	2
27.02717	1
27.0333	3
27.03943	5
27.04556	3
27.05169	1
27.05782	3
27.06395	2
27.07008	1
27.07621	2
27.08234	1
27.08847	1
27.0946	2
27.10073	2
27.10686	2
27.11299	3
27.11912	3
27.12525	3
27.13138	2
27.13751	3
27.14364	2
27.14977	4
27.1559	3
27.16203	4
27.16816	2
27.17429	3
27.18042	2
27.18655	2
27.19268	3
27.19881	1
27.20494	4
27.21107	2
27.2172	7
27.22333	2
27.22946	2
27.23559	2
27.24172	1
27.24785	1
27.25398	2
27.26011	2
27.26624	1
27.27237	1
27.2785	3
27.28463	1
27.29076	2
27.29689	3
27.30302	3
27.30915	3
27.31528	3
27.32141	3
27.32754	2
27.33367	3
27.3398	2
27.34593	3
27.35206	5
27.35819	3
27.36432	2
27.37045	3
27.37658	4
27.38271	4
27.38884	4
27.39497	4
27.4011	2
27.40723	2
27.41336	5
27.41949	3
27.42562	3
27.43175	1
27.43788	3
27.44401	2
27.45014	3
27.45627	3
27.4624	2
27.46853	5
27.47466	3
27.48079	4
27.48692	1
27.49305	2
27.49918	2
27.50531	2
27.51144	3
27.51757	3
27.5237	2
27.52983	2
27.53596	2
27.54209	3
27.54822	4
27.55435	7
27.56048	5
27.56661	2
27.57274	1
27.57887	2
27.585	2
27.59113	1
27.59726	3
27.60339	3
27.60952	4
27.61565	2
27.62178	3
27.62791	3
27.63404	3
27.64017	6
27.6463	1
27.65243	3
27.65856	1
27.66469	6
27.67082	2
27.67695	3
27.68308	4
27.68921	1
27.69534	3
27.70147	2
27.7076	2
27.71373	4
27.71986	2
27.72599	2
27.73212	3
27.73825	2
27.74438	3
27.75051	1
27.75664	2
27.76277	3
27.7689	1
27.77503	3
27.78116	3
27.78729	1
27.79342	2
27.79955	2
27.80568	3
27.81181	3
27.81794	3
27.82407	4
27.8302	2
27.83633	1
27.84246	3
27.84859	3
27.85472	3
27.86085	2
27.86698	3
27.87311	2
27.87924	1
27.88537	3
27.8915	2
27.89763	2
27.90376	2
27.90989	1
27.91602	4
27.92215	3
27.92828	3
27.93441	4
27.94054	4
27.94667	3
27.9528	2
27.95893	3
27.96506	1
27.97119	3
27.97732	2
27.98345	2
27.98958	4
27.99571	3
28.00184	3
28.00797	2
28.0141	2
28.02023	4
28.02636	7
28.03249	3
28.03862	2
28.04475	2
28.05088	1
28.05701	2
28.06314	2
28.06927	3
28.0754	2
28.08153	2
28.08766	2
28.09379	1
28.09992	4
28.10605	3
28.11218	4
28.11831	2
28.12444	4
28.13057	3
28.1367	4
28.14283	4
28.14896	4
28.15509	1
28.16122	2
28.16735	2
28.17348	3
28.17961	2
28.18574	2
28.19187	5
28.198	1
28.20413	3
28.21026	1
28.21639	3
28.22252	3
28.22865	1
28.23478	1
28.24091	1
28.24704	3
28.25317	2
28.2593	1
28.26543	4
28.27156	1
28.27769	1
28.28382	4
28.28995	2
28.29608	3
28.30221	1
28.30834	1
28.31447	2
28.3206	3
28.32673	2
28.33286	1
28.33899	2
28.34512	2
28.35125	1
28.35738	5
28.36351	1
28.36964	3
28.37577	1
28.3819	2
28.38803	2
28.39416	5
28.40029	1
28.40642	1
28.41255	2
28.41868	2
28.42481	1
28.43094	2
28.43707	3
28.4432	4
28.44933	3
28.45546	2
28.46159	4
28.46772	3
28.47385	2
28.47998	2
28.48611	4
28.49224	1
28.49837	4
28.5045	2
28.51063	2
28.51676	3
28.52289	1
28.52902	3
28.53515	1
28.54128	2
28.54741	1
28.55354	3
28.55967	2
28.5658	2
28.57193	2
28.57806	2
28.58419	2
28.59032	2
28.59645	2
28.60258	2
28.60871	1
28.61484	4
28.62097	2
28.6271	2
28.63323	4
28.63936	2
28.64549	1
28.65162	1
28.65775	1
28.66388	5
28.67001	1
28.67614	3
28.68227	1
28.6884	1
28.69453	3
28.70066	1
28.70679	3
28.71292	3
28.71905	3
28.72518	1
28.73131	3
28.73744	1
28.74357	3
28.7497	1
28.75583	3
28.76196	1
28.76809	2
28.77422	2
28.78035	3
28.78648	3
28.79261	4
28.79874	3
28.80487	2
28.811	2
28.81713	1
28.82326	2
28.82939	4
28.83552	2
28.84165	1
28.84778	2
28.85391	4
28.86004	2
28.86617	3
28.8723	3
28.87843	3
28.88456	2
28.89069	4
28.89682	5
28.90295	4
28.90908	1
28.91521	2
28.92134	2
28.92747	5
28.9336	2
28.93973	2
28.94586	2
28.95199	1
28.95812	2
28.96425	2
28.97038	2
28.97651	1
28.98264	3
28.98877	2
28.9949	3
29.00103	4
29.00716	1
29.01329	3
29.01942	4
29.02555	2
29.03168	3
29.03781	5
29.04394	1
29.05007	2
29.0562	1
29.06233	4
29.06846	1
29.07459	2
29.08072	1
29.08685	6
29.09298	2
29.09911	3
29.10524	1
29.11137	3
29.1175	4
29.12363	1
29.12976	1
29.13589	5
29.14202	2
29.14815	2
29.15428	2
29.16041	2
29.16654	2
29.17267	1
29.1788	1
29.18493	4
29.19106	5
29.19719	2
29.20332	1
29.20945	3
29.21558	2
29.22171	2
29.22784	2
29.23397	1
29.2401	3
29.24623	1
29.25236	1
29.25849	1
29.26462	3
29.27075	5
29.27688	2
29.28301	2
29.28914	3
29.29527	4
29.3014	4
29.30753	2
29.31366	2
29.31979	2
29.32592	2
29.33205	3
29.33818	4
29.34431	1
29.35044	3
29.35657	3
29.3627	2
29.36883	1
29.37496	4
29.38109	2
29.38722	5
29.39335	2
29.39948	4
29.40561	2
29.41174	5
29.41787	4
29.424	5
29.43013	2
29.43626	4
29.44239	2
29.44852	2
29.45465	2
29.46078	2
29.46691	5
29.47304	1
29.47917	3
29.4853	2
29.49143	4
29.49756	8
29.50369	4
29.50982	4
29.51595	1
29.52208	2
29.52821	2
29.53434	2
29.54047	1
29.5466	4
29.55273	1
29.55886	3
29.56499	1
29.57112	1
29.57725	3
29.58338	1
29.58951	2
29.59564	2
29.60177	5
29.6079	2
29.61403	3
29.62016	3
29.62629	2
29.63242	5
29.63855	4
29.64468	1
29.65081	1
29.65694	2
29.66307	3
29.6692	2
29.67533	3
29.68146	3
29.68759	2
29.69372	1
29.69985	1
29.70598	1
29.71211	4
29.71824	3
29.72437	1
29.7305	2
29.73663	5
29.74276	3
29.74889	3
29.75502	5
29.76115	1
29.76728	1
29.77341	3
29.77954	2
29.78567	1
29.7918	1
29.79793	1
29.80406	4
29.81019	2
29.81632	1
29.82245	3
29.82858	4
29.83471	2
29.84084	2
29.84697	5
29.8531	5
29.85923	2
29.86536	3
29.87149	3
29.87762	2
29.88375	2
29.88988	3
29.89601	2
29.90214	2
29.90827	2
29.9144	1
29.92053	2
29.92666	3
29.93279	2
29.93892	1
29.94505	3
29.95118	3
29.95731	2
29.96344	1
29.96957	2
29.9757	3
29.98183	2
29.98796	3
29.99409	2
30.00022	1
30.00635	2
30.01248	2
30.01861	3
30.02474	3
30.03087	2
30.037	2
30.04313	2
30.04926	1
30.05539	3
30.06152	4
30.06765	1
30.07378	2
30.07991	3
30.08604	3
30.09217	3
30.0983	1
30.10443	3
30.11056	3
30.11669	1
30.12282	1
30.12895	1
30.13508	2
30.14121	1
30.14734	4
30.15347	2
30.1596	4
30.16573	5
30.17186	2
30.17799	2
30.18412	1
30.19025	5
30.19638	3
30.20251	3
30.20864	1
30.21477	4
30.2209	4
30.22703	3
30.23316	2
30.23929	2
30.24542	2
30.25155	2
30.25768	2
30.26381	3
30.26994	1
30.27607	3
30.2822	1
30.28833	2
30.29446	2
30.30059	4
30.30672	2
30.31285	3
30.31898	2
30.32511	4
30.33124	2
30.33737	4
30.3435	1
30.34963	2
30.35576	2
30.36189	1
30.36802	3
30.37415	3
30.38028	3
30.38641	3
30.39254	1
30.39867	4
30.4048	3
30.41093	3
30.41706	1
30.42319	1
30.42932	1
30.43545	1
30.44158	3
30.44771	1
30.45384	5
30.45997	2
30.4661	3
30.47223	3
30.47836	3
30.48449	3
30.49062	2
30.49675	2
30.50288	2
30.50901	3
30.51514	1
30.52127	1
30.5274	3
30.53353	1
30.53966	4
30.54579	1
30.55192	1
30.55805	2
30.56418	2
30.57031	3
30.57644	3
30.58257	1
30.5887	3
30.59483	2
30.60096	2
30.60709	4
30.61322	5
30.61935	1
30.62548	2
30.63161	4
30.63774	2
30.64387	3
30.65	2
30.65613	2
30.66226	2
30.66839	2
30.67452	4
30.68065	2
30.68678	4
30.69291	1
30.69904	2
30.70517	2
30.7113	4
30.71743	2
30.72356	3
30.72969	2
30.73582	3
30.74195	1
30.74808	2
30.75421	4
30.76034	2
30.76647	2
30.7726	3
30.77873	3
30.78486	3
30.79099	3
30.79712	3
30.80325	3
30.80938	2
30.81551	2
30.82164	4
30.82777	2
30.8339	2
30.84003	2
30.84616	2
30.85229	1
30.85842	1
30.86455	2
30.87068	2
30.87681	2
30.88294	2
30.88907	4
30.8952	3
30.90133	2
30.90746	3
30.91359	3
30.91972	3
30.92585	2
30.93198	3
30.93811	2
30.94424	3
30.95037	2
30.9565	1
30.96263	1
30.96876	1
30.97489	4
30.98102	3
30.98715	3
30.99328	3
30.99941	1
31.00554	7
31.01167	4
31.0178	2
31.02393	1
31.03006	4
31.03619	1
31.04232	3
31.04845	2
31.05458	4
31.06071	1
31.06684	1
31.07297	2
31.0791	5
31.08523	3
31.09136	2
31.09749	2
31.10362	3
31.10975	2
31.11588	2
31.12201	3
31.12814	2
31.13427	2
31.1404	2
31.14653	1
31.15266	1
31.15879	1
31.16492	1
31.17105	4
31.17718	3
31.18331	2
31.18944	1
31.19557	1
31.2017	2
31.20783	2
31.21396	3
31.22009	3
31.22622	3
31.23235	5
31.23848	1
31.24461	2
31.25074	4
31.25687	1
31.263	3
31.26913	1
31.27526	2
31.28139	5
31.28752	2
31.29365	2
31.29978	1
31.30591	3
31.31204	2
31.31817	3
31.3243	3
31.33043	4
31.33656	5
31.34269	3
31.34882	1
31.35495	2
31.36108	3
31.36721	2
31.37334	2
31.37947	2
31.3856	1
31.39173	3
31.39786	2
31.40399	2
31.41012	2
31.41625	2
31.42238	3
31.42851	3
31.43464	4
31.44077	4
31.4469	1
31.45303	4
31.45916	3
31.46529	4
31.47142	2
31.47755	6
31.48368	1
31.48981	2
31.49594	1
31.50207	3
31.5082	1
31.51433	4
31.52046	1
31.52659	2
31.53272	3
31.53885	1
31.54498	2
31.55111	2
31.55724	2
31.56337	3
31.5695	3
31.57563	1
31.58176	1
31.58789	2
31.59402	2
31.60015	3
31.60628	2
31.61241	3
31.61854	3
31.62467	2
31.6308	2
31.63693	5
31.64306	2
31.64919	1
31.65532	2
31.66145	4
31.66758	2
31.67371	2
31.67984	2
31.68597	1
31.6921	2
31.69823	3
31.70436	1
31.71049	3
31.71662	2
31.72275	1
31.72888	1
31.73501	1
31.74114	2
31.74727	3
31.7534	3
31.75953	3
31.76566	3
31.77179	2
31.77792	4
31.78405	1
31.79018	1
31.79631	3
31.80244	2
31.80857	3
31.8147	2
31.82083	2
31.82696	3
31.83309	4
31.83922	2
31.84535	2
31.85148	2
31.85761	2
31.86374	1
31.86987	2
31.876	2
31.88213	2
31.88826	2
31.89439	2
31.90052	2
31.90665	1
31.91278	4
31.91891	3
31.92504	2
31.93117	2
31.9373	1
31.94343	4
31.94956	1
31.95569	2
31.96182	3
31.96795	1
31.97408	3
31.98021	2
31.98634	3
31.99247	3
31.9986	2
32.00473	1
32.01086	2
32.01699	3
32.02312	1
32.02925	6
32.03538	4
32.04151	2
32.04764	1
32.05377	3
32.0599	2
32.06603	1
32.07216	1
32.07829	1
32.08442	4
32.09055	3
32.09668	4
32.10281	5
32.10894	1
32.11507	4
32.1212	4
32.12733	4
32.13346	2
32.13959	2
32.14572	1
32.15185	1
32.15798	2
32.16411	4
32.17024	4
32.17637	2
32.1825	4
32.18863	2
32.19476	2
32.20089	2
32.20702	2
32.21315	1
32.21928	3
32.22541	5
32.23154	4
32.23767	3
32.2438	3
32.24993	1
32.25606	3
32.26219	6
32.26832	3
32.27445	3
32.28058	2
32.28671	2
32.29284	2
32.29897	1
32.3051	3
32.31123	2
32.31736	3
32.32349	3
32.32962	2
32.33575	2
32.34188	4
32.34801	3
32.35414	2
32.36027	1
32.3664	2
32.37253	3
32.37866	7
32.38479	4
32.39092	2
32.39705	1
32.40318	3
32.40931	3
32.41544	2
32.42157	1
32.4277	2
32.43383	2
32.43996	1
32.44609	1
32.45222	1
32.45835	4
32.46448	2
32.47061	2
32.47674	1
32.48287	2
32.489	2
32.49513	5
32.50126	1
32.50739	1
32.51352	2
32.51965	1
32.52578	1
32.53191	2
32.53804	2
32.54417	4
32.5503	3
32.55643	1
32.56256	4
32.56869	2
32.57482	1
32.58095	4
32.58708	1
32.59321	2
32.59934	3
32.60547	4
32.6116	3
32.61773	2
32.62386	3
32.62999	2
32.63612	2
32.64225	2
32.64838	1
32.65451	2
32.66064	1
32.66677	4
32.6729	5
32.67903	1
32.68516	1
32.69129	3
32.69742	4
32.70355	3
32.70968	3
32.71581	3
32.72194	1
32.72807	2
32.7342	3
32.74033	2
32.74646	1
32.75259	2
32.75872	2
32.76485	4
32.77098	2
32.77711	3
32.78324	3
32.78937	1
32.7955	2
32.80163	4
32.80776	1
32.81389	2
32.82002	1
32.82615	3
32.83228	2
32.83841	3
32.84454	1
32.85067	3
32.8568	3
32.86293	1
32.86906	3
32.87519	2
32.88132	5
32.88745	2
32.89358	4
32.89971	1
32.90584	1
32.91197	2
32.9181	2
32.92423	2
32.93036	2
32.93649	3
32.94262	3
32.94875	2
32.95488	2
32.96101	2
32.96714	3
32.97327	1
32.9794	3
32.98553	3
32.99166	2
32.99779	2
33.00392	2
33.01005	4
33.01618	2
33.02231	1
33.02844	4
33.03457	2
33.0407	2
33.04683	1
33.05296	3
33.05909	1
33.06522	4
33.07135	4
33.07748	3
33.08361	4
33.08974	2
33.09587	1
33.102	3
33.10813	1
33.11426	2
33.12039	3
33.12652	2
33.13265	5
33.13878	2
33.14491	2
33.15104	1
33.15717	4
33.1633	2
33.16943	2
33.17556	2
33.18169	1
33.18782	3
33.19395	2
33.20008	2
33.20621	2
33.21234	3
33.21847	3
33.2246	2
33.23073	3
33.23686	3
33.24299	2
33.24912	4
33.25525	3
33.26138	3
33.26751	2
33.27364	1
33.27977	4
33.2859	2
33.29203	1
33.29816	1
33.30429	3
33.31042	2
33.31655	4
33.32268	3
33.32881	3
33.33494	1
33.34107	2
33.3472	1
33.35333	2
33.35946	2
33.36559	1
33.37172	2
33.37785	2
33.38398	2
33.39011	1
33.39624	1
33.40237	1
33.4085	3
33.41463	3
33.42076	3
33.42689	2
33.43302	3
33.43915	4
33.44528	3
33.45141	1
33.45754	5
33.46367	1
33.4698	2
33.47593	2
33.48206	4
33.48819	2
33.49432	2
33.50045	1
33.50658	4
33.51271	2
33.51884	4
33.52497	1
33.5311	3
33.53723	5
33.54336	2
33.54949	1
33.55562	4
33.56175	2
33.56788	5
33.57401	2
33.58014	4
33.58627	2
33.5924	3
33.59853	1
33.60466	1
33.61079	4
33.61692	4
33.62305	2
33.62918	4
33.63531	2
33.64144	2
33.64757	3
33.6537	6
33.65983	3
33.66596	3
33.67209	3
33.67822	3
33.68435	2
33.69048	2
33.69661	2
33.70274	3
33.70887	1
33.715	1
33.72113	1
33.72726	2
33.73339	2
33.73952	1
33.74565	3
33.75178	1
33.75791	5
33.76404	3
33.77017	3
33.7763	3
33.78243	2
33.78856	2
33.79469	1
33.80082	3
33.80695	3
33.81308	1
33.81921	4
33.82534	1
33.83147	4
33.8376	1
33.84373	2
33.84986	1
33.85599	2
33.86212	3
33.86825	2
33.87438	4
33.88051	2
33.88664	3
33.89277	2
33.8989	1
33.90503	2
33.91116	4
33.91729	1
33.92342	1
33.92955	1
33.93568	2
33.94181	3
33.94794	2
33.95407	4
33.9602	3
33.96633	1
33.97246	2
33.97859	2
33.98472	1
33.99085	1
33.99698	2
34.00311	1
34.00924	1
34.01537	3
34.0215	2
34.02763	3
34.03376	3
34.03989	1
34.04602	2
34.05215	2
34.05828	2
34.06441	3
34.07054	1
34.07667	2
34.0828	2
34.08893	2
34.09506	2
34.10119	2
34.10732	2
34.11345	1
34.11958	2
34.12571	1
34.13184	4
34.13797	3
34.1441	2
34.15023	3
34.15636	2
34.16249	2
34.16862	6
34.17475	3
34.18088	1
34.18701	1
34.19314	1
34.19927	2
34.2054	5
34.21153	3
34.21766	3
34.22379	3
34.22992	2
34.23605	3
34.24218	1
34.24831	3
34.25444	4
34.26057	1
34.2667	3
34.27283	4
34.27896	2
34.28509	4
34.29122	4
34.29735	1
34.30348	2
34.30961	2
34.31574	2
34.32187	2
34.328	2
34.33413	3
34.34026	3
34.34639	1
34.35252	2
34.35865	2
34.36478	2
34.37091	2
34.37704	2
34.38317	2
34.3893	4
34.39543	2
34.40156	4
34.40769	2
34.41382	2
34.41995	6
34.42608	2
34.43221	1
34.43834	1
34.44447	1
34.4506	2
34.45673	1
34.46286	3
34.46899	1
34.47512	2
34.48125	1
34.48738	4
34.49351	2
34.49964	1
34.50577	4
34.5119	1
34.51803	1
34.52416	1
34.53029	3
34.53642	6
34.54255	3
34.54868	2
34.55481	2
34.56094	2
34.56707	2
34.5732	1
34.57933	3
34.58546	3
34.59159	2
34.59772	3
34.60385	4
34.60998	3
34.61611	1
34.62224	2
34.62837	2
34.6345	1
34.64063	1
34.64676	2
34.65289	3
34.65902	3
34.66515	3
34.67128	3
34.67741	1
34.68354	4
34.68967	4
34.6958	2
34.70193	1
34.70806	2
34.71419	4
34.72032	2
34.72645	1
34.73258	1
34.73871	4
34.74484	6
34.75097	1
34.7571	1
34.76323	2
34.76936	2
34.77549	5
34.78162	2
34.78775	2
34.79388	2
34.80001	2
34.80614	3
34.81227	3
34.8184	2
34.82453	2
34.83066	2
34.83679	3
34.84292	3
34.84905	1
34.85518	4
34.86131	5
34.86744	2
34.87357	1
34.8797	4
34.88583	4
34.89196	3
34.89809	1
34.90422	2
34.91035	3
34.91648	1
34.92261	2
34.92874	3
34.93487	4
34.941	3
34.94713	2
34.95326	4
34.95939	5
34.96552	3
34.97165	7
34.97778	3
34.98391	4
34.99004	2
34.99617	2
35.0023	1
35.00843	2
35.01456	2
35.02069	3
35.02682	3
35.03295	2
35.03908	2
35.04521	3
35.05134	2
35.05747	3
35.0636	3
35.06973	2
35.07586	5
35.08199	3
35.08812	2
35.09425	1
35.10038	1
35.10651	1
35.11264	2
35.11877	1
35.1249	3
35.13103	4
35.13716	2
35.14329	1
35.14942	1
35.15555	3
35.16168	3
35.16781	3
35.17394	3
35.18007	2
35.1862	1
35.19233	2
35.19846	4
35.20459	3
35.21072	1
35.21685	2
35.22298	2
35.22911	3
35.23524	3
35.24137	2
35.2475	1
35.25363	2
35.25976	1
35.26589	1
35.27202	2
35.27815	2
35.28428	4
35.29041	2
35.29654	3
35.30267	2
35.3088	2
35.31493	2
35.32106	5
35.32719	2
35.33332	3
35.33945	2
35.34558	3
35.35171	1
35.35784	2
35.36397	3
35.3701	2
35.37623	4
35.38236	4
35.38849	2
35.39462	1
35.40075	5
35.40688	2
35.41301	1
35.41914	2
35.42527	3
35.4314	3
35.43753	3
35.44366	4
35.44979	4
35.45592	2
35.46205	2
35.46818	3
35.47431	1
35.48044	3
35.48657	1
35.4927	2
35.49883	2
35.50496	3
35.51109	5
35.51722	3
35.52335	2
35.52948	4
35.53561	2
35.54174	2
35.54787	2
35.554	1
35.56013	2
35.56626	3
35.57239	1
35.57852	2
35.58465	3
35.59078	2
35.59691	1
35.60304	3
35.60917	1
35.6153	4
35.62143	2
35.62756	2
35.63369	5
35.63982	2
35.64595	6
35.65208	3
35.65821	3
35.66434	4
35.67047	2
35.6766	3
35.68273	4
35.68886	2
35.69499	3
35.70112	1
35.70725	2
35.71338	2
35.71951	3
35.72564	3
35.73177	2
35.7379	1
35.74403	2
35.75016	4
35.75629	2
35.76242	3
35.76855	1
35.77468	1
35.78081	2
35.78694	4
35.79307	1
35.7992	1
35.80533	5
35.81146	3
35.81759	2
35.82372	4
35.82985	5
35.83598	1
35.84211	2
35.84824	2
35.85437	3
35.8605	2
35.86663	2
35.87276	3
35.87889	2
35.88502	2
35.89115	3
35.89728	2
35.90341	2
35.90954	2
35.91567	1
35.9218	3
35.92793	1
35.93406	2
35.94019	2
35.94632	5
35.95245	2
35.95858	3
35.96471	4
35.97084	4
35.97697	2
35.9831	3
35.98923	1
35.99536	5
36.00149	1
36.00762	1
36.01375	2
36.01988	1
36.02601	3
36.03214	1
36.03827	2
36.0444	1
36.05053	1
36.05666	1
36.06279	2
36.06892	3
36.07505	2
36.08118	1
36.08731	2
36.09344	3
36.09957	4
36.1057	1
36.11183	2
36.11796	2
36.12409	1
36.13022	2
36.13635	4
36.14248	5
36.14861	1
36.15474	2
36.16087	3
36.167	2
36.17313	2
36.17926	1
36.18539	1
36.19152	3
36.19765	3
36.20378	2
36.20991	2
36.21604	2
36.22217	2
36.2283	1
36.23443	1
36.24056	2
36.24669	2
36.25282	2
36.25895	1
36.26508	4
36.27121	2
36.27734	1
36.28347	3
36.2896	2
36.29573	4
36.30186	1
36.30799	3
36.31412	1
36.32025	2
36.32638	2
36.33251	2
36.33864	2
36.34477	3
36.3509	3
36.35703	1
36.36316	3
36.36929	1
36.37542	1
36.38155	2
36.38768	2
36.39381	3
36.39994	2
36.40607	3
36.4122	1
36.41833	3
36.42446	2
36.43059	2
36.43672	3
36.44285	3
36.44898	2
36.45511	3
36.46124	2
36.46737	4
36.4735	3
36.47963	3
36.48576	2
36.49189	3
36.49802	3
36.50415	2
36.51028	3
36.51641	2
36.52254	4
36.52867	2
36.5348	2
36.54093	2
36.54706	3
36.55319	1
36.55932	3
36.56545	2
36.57158	3
36.57771	1
36.58384	5
36.58997	2
36.5961	1
36.60223	3
36.60836	3
36.61449	4
36.62062	2
36.62675	2
36.63288	5
36.63901	3
36.64514	2
36.65127	1
36.6574	1
36.66353	3
36.66966	2
36.67579	2
36.68192	2
36.68805	3
36.69418	1
36.70031	2
36.70644	2
36.71257	2
36.7187	4
36.72483	2
36.73096	2
36.73709	3
36.74322	2
36.74935	2
36.75548	4
36.76161	1
36.76774	4
36.77387	2
36.78	1
36.78613	2
36.79226	1
36.79839	4
36.80452	3
36.81065	1
36.81678	4
36.82291	3
36.82904	2
36.83517	3
36.8413	2
36.84743	3
36.85356	1
36.85969	3
36.86582	3
36.87195	2
36.87808	2
36.88421	2
36.89034	2
36.89647	1
36.9026	3
36.90873	2
36.91486	2
36.92099	1
36.92712	2
36.93325	2
36.93938	1
36.94551	5
36.95164	2
36.95777	2
36.9639	1
36.97003	2
36.97616	3
36.98229	3
36.98842	2
36.99455	2
37.00068	2
37.00681	3
37.01294	3
37.01907	3
37.0252	3
37.03133	2
37.03746	1
37.04359	1
37.04972	3
37.05585	2
37.06198	3
37.06811	4
37.07424	3
37.08037	2
37.0865	2
37.09263	1
37.09876	3
37.10489	1
37.11102	3
37.11715	1
37.12328	5
37.12941	1
37.13554	2
37.14167	3
37.1478	3
37.15393	2
37.16006	2
37.16619	2
37.17232	1
37.17845	6
37.18458	3
37.19071	2
37.19684	3
37.20297	1
37.2091	3
37.21523	1
37.22136	2
37.22749	1
37.23362	2
37.23975	3
37.24588	1
37.25201	2
37.25814	2
37.26427	1
37.2704	1
37.27653	2
37.28266	3
37.28879	3
37.29492	1
37.30105	3
37.30718	2
37.31331	1
37.31944	1
37.32557	2
37.3317	3
37.33783	2
37.34396	3
37.35009	3
37.35622	1
37.36235	3
37.36848	2
37.37461	2
37.38074	1
37.38687	2
37.393	1
37.39913	1
37.40526	3
37.41139	6
37.41752	2
37.42365	4
37.42978	3
37.43591	2
37.44204	1
37.44817	3
37.4543	1
37.46043	4
37.46656	3
37.47269	4
37.47882	2
37.48495	2
37.49108	2
37.49721	1
37.50334	2
37.50947	1
37.5156	2
37.52173	4
37.52786	1
37.53399	3
37.54012	2
37.54625	1
37.55238	1
37.55851	1
37.56464	2
37.57077	3
37.5769	2
37.58303	2
37.58916	1
37.59529	4
37.60142	5
37.60755	3
37.61368	2
37.61981	1
37.62594	2
37.63207	4
37.6382	1
37.64433	2
37.65046	2
37.65659	3
37.66272	3
37.66885	3
37.67498	3
37.68111	1
37.68724	1
37.69337	2
37.6995	2
37.70563	2
37.71176	1
37.71789	2
37.72402	2
37.73015	1
37.73628	1
37.74241	4
37.74854	4
37.75467	2
37.7608	1
37.76693	2
37.77306	4
37.77919	1
37.78532	3
37.79145	3
37.79758	1
37.80371	3
37.80984	3
37.81597	2
37.8221	2
37.82823	2
37.83436	1
37.84049	6
37.84662	2
37.85275	4
37.85888	4
37.86501	2
37.87114	1
37.87727	4
37.8834	2
37.88953	2
37.89566	2
37.90179	3
37.90792	3
37.91405	2
37.92018	2
37.92631	2
37.93244	2
37.93857	1
37.9447	3
37.95083	4
37.95696	1
37.96309	3
37.96922	2
37.97535	5
37.98148	2
37.98761	3
37.99374	1
37.99987	2
38.006	2
38.01213	2
38.01826	1
38.02439	2
38.03052	1
38.03665	3
38.04278	3
38.04891	1
38.05504	3
38.06117	3
38.0673	2
38.07343	2
38.07956	2
38.08569	1
38.09182	3
38.09795	6
38.10408	1
38.11021	2
38.11634	1
38.12247	2
38.1286	2
38.13473	3
38.14086	4
38.14699	3
38.15312	1
38.15925	2
38.16538	2
38.17151	1
38.17764	1
38.18377	4
38.1899	1
38.19603	3
38.20216	1
38.20829	2
38.21442	2
38.22055	2
38.22668	1
38.23281	1
38.23894	1
38.24507	1
38.2512	3
38.25733	4
38.26346	1
38.26959	6
38.27572	4
38.28185	4
38.28798	2
38.29411	5
38.30024	5
38.30637	2
38.3125	3
38.31863	3
38.32476	4
38.33089	1
38.33702	2
38.34315	3
38.34928	1
38.35541	4
38.36154	2
38.36767	1
38.3738	1
38.37993	5
38.38606	2
38.39219	3
38.39832	4
38.40445	4
38.41058	2
38.41671	4
38.42284	2
38.42897	4
38.4351	3
38.44123	2
38.44736	4
38.45349	3
38.45962	1
38.46575	3
38.47188	3
38.47801	2
38.48414	3
38.49027	2
38.4964	2
38.50253	2
38.50866	2
38.51479	2
38.52092	2
38.52705	3
38.53318	1
38.53931	1
38.54544	1
38.55157	2
38.5577	3
38.56383	2
38.56996	4
38.57609	2
38.58222	5
38.58835	3
38.59448	2
38.60061	3
38.60674	2
38.61287	2
38.619	2
38.62513	2
38.63126	1
38.63739	2
38.64352	3
38.64965	2
38.65578	5
38.66191	1
38.66804	2
38.67417	4
38.6803	1
38.68643	2
38.69256	4
38.69869	2
38.70482	2
38.71095	2
38.71708	2
38.72321	3
38.72934	3
38.73547	3
38.7416	3
38.74773	7
38.75386	3
38.75999	3
38.76612	2
38.77225	2
38.77838	1
38.78451	3
38.79064	1
38.79677	3
38.8029	1
38.80903	2
38.81516	2
38.82129	2
38.82742	2
38.83355	2
38.83968	2
38.84581	3
38.85194	3
38.85807	3
38.8642	1
38.87033	2
38.87646	2
38.88259	2
38.88872	1
38.89485	2
38.90098	3
38.90711	5
38.91324	3
38.91937	4
38.9255	4
38.93163	1
38.93776	1
38.94389	2
38.95002	2
38.95615	3
38.96228	2
38.96841	2
38.97454	2
38.98067	2
38.9868	3
38.99293	1
38.99906	2
39.00519	2
39.01132	1
39.01745	2
39.02358	1
39.02971	2
39.03584	1
39.04197	2
39.0481	3
39.05423	3
39.06036	3
39.06649	3
39.07262	5
39.07875	4
39.08488	3
39.09101	2
39.09714	3
39.10327	2
39.1094	2
39.11553	2
39.12166	6
39.12779	4
39.13392	4
39.14005	2
39.14618	3
39.15231	1
39.15844	4
39.16457	2
39.1707	2
39.17683	1
39.18296	1
39.18909	2
39.19522	2
39.20135	5
39.20748	2
39.21361	3
39.21974	4
39.22587	4
39.232	2
39.23813	3
39.24426	2
39.25039	1
39.25652	6
39.26265	3
39.26878	2
39.27491	2
39.28104	4
39.28717	4
39.2933	1
39.29943	3
39.30556	3
39.31169	2
39.31782	2
39.32395	3
39.33008	3
39.33621	1
39.34234	4
39.34847	3
39.3546	3
39.36073	2
39.36686	2
39.37299	1
39.37912	1
39.38525	2
39.39138	2
39.39751	2
39.40364	1
39.40977	1
39.4159	3
39.42203	1
39.42816	2
39.43429	6
39.44042	3
39.44655	3
39.45268	3
39.45881	2
39.46494	3
39.47107	1
39.4772	3
39.48333	3
39.48946	2
39.49559	3
39.50172	1
39.50785	3
39.51398	2
39.52011	4
39.52624	2
39.53237	1
39.5385	1
39.54463	2
39.55076	3
39.55689	3
39.56302	2
39.56915	3
39.57528	2
39.58141	1
39.58754	2
39.59367	1
39.5998	1
39.60593	2
39.61206	1
39.61819	2
39.62432	4
39.63045	3
39.63658	2
39.64271	3
39.64884	1
39.65497	2
39.6611	2
39.66723	3
39.67336	5
39.67949	1
39.68562	4
39.69175	2
39.69788	2
39.70401	3
39.71014	1
39.71627	3
39.7224	4
39.72853	1
39.73466	3
39.74079	2
39.74692	3
39.75305	2
39.75918	1
39.76531	4
39.77144	3
39.77757	1
39.7837	2
39.78983	2
39.79596	4
39.80209	2
39.80822	5
39.81435	2
39.82048	4
39.82661	2
39.83274	2
39.83887	1
39.845	4
39.85113	1
39.85726	3
39.86339	2
39.86952	4
39.87565	4
39.88178	1
39.88791	1
39.89404	2
39.90017	3
39.9063	2
39.91243	3
39.91856	5
39.92469	2
39.93082	2
39.93695	1
39.94308	2
39.94921	6
39.95534	3
39.96147	1
39.9676	2
39.97373	3
39.97986	3
39.98599	2
39.99212	1
39.99825	3
40.00438	3
40.01051	2
40.01664	1
40.02277	4
40.0289	3
40.03503	1
40.04116	3
40.04729	3
40.05342	1
40.05955	3
40.06568	2
40.07181	1
40.07794	1
40.08407	5
40.0902	2
40.09633	2
40.10246	2
40.10859	1
40.11472	2
40.12085	2
40.12698	2
40.13311	2
40.13924	2
40.14537	2
40.1515	3
40.15763	1
40.16376	4
40.16989	4
40.17602	1
40.18215	3
40.18828	1
40.19441	2
40.20054	2
40.20667	3
40.2128	3
40.21893	3
40.22506	1
40.23119	5
40.23732	2
40.24345	4
40.24958	4
40.25571	2
40.26184	3
40.26797	3
40.2741	1
40.28023	1
40.28636	3
40.29249	2
40.29862	2
40.30475	2
40.31088	1
40.31701	1
40.32314	1
40.32927	2
40.3354	1
40.34153	2
40.34766	2
40.35379	1
40.35992	1
40.36605	2
40.37218	4
40.37831	3
40.38444	3
40.39057	2
40.3967	1
40.40283	4
40.40896	4
40.41509	3
40.42122	2
40.42735	3
40.43348	2
40.43961	1
40.44574	1
40.45187	3
40.458	2
40.46413	2
40.47026	3
40.47639	3
40.48252	1
40.48865	2
40.49478	3
40.50091	2
40.50704	2
40.51317	2
40.5193	1
40.52543	2
40.53156	4
40.53769	2
40.54382	2
40.54995	3
40.55608	2
40.56221	6
40.56834	2
40.57447	2
40.5806	3
40.58673	2
40.59286	3
40.59899	2
40.60512	1
40.61125	2
40.61738	1
40.62351	2
40.62964	4
40.63577	3
40.6419	2
40.64803	4
40.65416	3
40.66029	1
40.66642	3
40.67255	2
40.67868	3
40.68481	1
40.69094	2
40.69707	2
40.7032	2
40.70933	3
40.71546	3
40.72159	4
40.72772	2
40.73385	3
40.73998	4
40.74611	2
40.75224	5
40.75837	1
40.7645	2
40.77063	4
40.77676	1
40.78289	3
40.78902	3
40.79515	1
40.80128	1
40.80741	2
40.81354	2
40.81967	1
40.8258	2
40.83193	2
40.83806	3
40.84419	4
40.85032	2
40.85645	6
40.86258	2
40.86871	3
40.87484	2
40.88097	3
40.8871	2
40.89323	1
40.89936	1
40.90549	3
40.91162	3
40.91775	1
40.92388	1
40.93001	1
40.93614	3
40.94227	6
40.9484	3
40.95453	2
40.96066	2
40.96679	5
40.97292	3
40.97905	2
40.98518	1
40.99131	3
40.99744	2
41.00357	1
41.0097	2
41.01583	1
41.02196	4
41.02809	3
41.03422	1
41.04035	3
41.04648	2
41.05261	1
41.05874	4
41.06487	2
41.071	4
41.07713	1
41.08326	4
41.08939	3
41.09552	1
41.10165	2
41.10778	2
41.11391	3
41.12004	3
41.12617	3
41.1323	1
41.13843	2
41.14456	2
41.15069	3
41.15682	3
41.16295	2
41.16908	3
41.17521	2
41.18134	3
41.18747	4
41.1936	1
41.19973	3
41.20586	3
41.21199	5
41.21812	1
41.22425	1
41.23038	2
41.23651	3
41.24264	1
41.24877	5
41.2549	3
41.26103	5
41.26716	4
41.27329	2
41.27942	1
41.28555	1
41.29168	2
41.29781	1
41.30394	2
41.31007	5
41.3162	3
41.32233	1
41.32846	2
41.33459	3
41.34072	2
41.34685	2
41.35298	2
41.35911	2
41.36524	4
41.37137	3
41.3775	3
41.38363	3
41.38976	1
41.39589	1
41.40202	1
41.40815	3
41.41428	2
41.42041	1
41.42654	2
41.43267	2
41.4388	3
41.44493	1
41.45106	5
41.45719	1
41.46332	3
41.46945	2
41.47558	1
41.48171	1
41.48784	2
41.49397	4
41.5001	1
41.50623	2
41.51236	2
41.51849	1
41.52462	2
41.53075	4
41.53688	1
41.54301	1
41.54914	3
41.55527	5
41.5614	6
41.56753	1
41.57366	2
41.57979	3
41.58592	2
41.59205	3
41.59818	1
41.60431	1
41.61044	4
41.61657	2
41.6227	3
41.62883	1
41.63496	2
41.64109	2
41.64722	2
41.65335	3
41.65948	1
41.66561	1
41.67174	4
41.67787	2
41.684	2
41.69013	2
41.69626	3
41.70239	4
41.70852	3
41.71465	4
41.72078	3
41.72691	2
41.73304	3
41.73917	2
41.7453	1
41.75143	2
41.75756	2
41.76369	3
41.76982	2
41.77595	1
41.78208	1
41.78821	1
41.79434	3
41.80047	3
41.8066	4
41.81273	6
41.81886	1
41.82499	1
41.83112	3
41.83725	1
41.84338	3
41.84951	1
41.85564	2
41.86177	3
41.8679	4
41.87403	1
41.88016	1
41.88629	3
41.89242	2
41.89855	3
41.90468	2
41.91081	2
41.91694	1
41.92307	1
41.9292	1
41.93533	2
41.94146	2
41.94759	1
41.95372	2
41.95985	1
41.96598	2
41.97211	2
41.97824	3
41.98437	3
41.9905	1
41.99663	4
42.00276	1
42.00889	3
42.01502	4
42.02115	2
42.02728	2
42.03341	5
42.03954	1
42.04567	3
42.0518	3
42.05793	4
42.06406	2
42.07019	5
42.07632	3
42.08245	1
42.08858	1
42.09471	1
42.10084	4
42.10697	2
42.1131	1
42.11923	4
42.12536	1
42.13149	1
42.13762	2
42.14375	2
42.14988	5
42.15601	4
42.16214	6
42.16827	2
42.1744	2
42.18053	3
42.18666	6
42.19279	3
42.19892	2
42.20505	4
42.21118	1
42.21731	3
42.22344	1
42.22957	2
42.2357	2
42.24183	2
42.24796	1
42.25409	4
42.26022	3
42.26635	2
42.27248	2
42.27861	1
42.28474	3
42.29087	2
42.297	2
42.30313	4
42.30926	2
42.31539	3
42.32152	2
42.32765	4
42.33378	4
42.33991	2
42.34604	2
42.35217	1
42.3583	3
42.36443	2
42.37056	3
42.37669	2
42.38282	2
42.38895	2
42.39508	1
42.40121	3
42.40734	2
42.41347	4
42.4196	2
42.42573	4
42.43186	3
42.43799	3
42.44412	2
42.45025	2
42.45638	4
42.46251	3
42.46864	3
42.47477	1
42.4809	2
42.48703	2
42.49316	1
42.49929	3
42.50542	2
42.51155	1
42.51768	2
42.52381	5
42.52994	1
42.53607	2
42.5422	5
42.54833	3
42.55446	1
42.56059	1
42.56672	1
42.57285	1
42.57898	2
42.58511	1
42.59124	1
42.59737	2
42.6035	1
42.60963	2
42.61576	2
42.62189	2
42.62802	2
42.63415	2
42.64028	4
42.64641	2
42.65254	2
42.65867	5
42.6648	1
42.67093	1
42.67706	2
42.68319	1
42.68932	4
42.69545	1
42.70158	4
42.70771	2
42.71384	1
42.71997	2
42.7261	3
42.73223	2
42.73836	2
42.74449	2
42.75062	3
42.75675	2
42.76288	2
42.76901	4
42.77514	3
42.78127	2
42.7874	1
42.79353	3
42.79966	2
42.80579	3
42.81192	2
42.81805	1
42.82418	1
42.83031	4
42.83644	4
42.84257	1
42.8487	2
42.85483	1
42.86096	1
42.86709	1
42.87322	2
42.87935	3
42.88548	1
42.89161	1
42.89774	4
42.90387	2
42.91	2
42.91613	3
42.92226	2
42.92839	4
42.93452	1
42.94065	1
42.94678	2
42.95291	2
42.95904	2
42.96517	2
42.9713	1
42.97743	7
42.98356	2
42.98969	2
42.99582	3
43.00195	3
43.00808	2
43.01421	3
43.02034	1
43.02647	5
43.0326	1
43.03873	2
43.04486	3
43.05099	2
43.05712	2
43.06325	2
43.06938	4
43.07551	3
43.08164	1
43.08777	2
43.0939	1
43.10003	1
43.10616	3
43.11229	2
43.11842	2
43.12455	2
43.13068	3
43.13681	5
43.14294	2
43.14907	2
43.1552	2
43.16133	3
43.16746	3
43.17359	3
43.17972	1
43.18585	3
43.19198	4
43.19811	2
43.20424	1
43.21037	1
43.2165	1
43.22263	4
43.22876	3
43.23489	4
43.24102	1
43.24715	3
43.25328	5
43.25941	1
43.26554	2
43.27167	3
43.2778	3
43.28393	2
43.29006	1
43.29619	3
43.30232	2
43.30845	6
43.31458	4
43.32071	3
43.32684	1
43.33297	5
43.3391	1
43.34523	1
43.35136	4
43.35749	3
43.36362	2
43.36975	1
43.37588	1
43.38201	3
43.38814	3
43.39427	3
43.4004	4
43.40653	4
43.41266	1
43.41879	2
43.42492	3
43.43105	2
43.43718	2
43.44331	4
43.44944	3
43.45557	1
43.4617	2
43.46783	1
43.47396	4
43.48009	2
43.48622	3
43.49235	4
43.49848	3
43.50461	2
43.51074	1
43.51687	2
43.523	2
43.52913	2
43.53526	4
43.54139	3
43.54752	3
43.55365	3
43.55978	1
43.56591	1
43.57204	1
43.57817	1
43.5843	4
43.59043	4
43.59656	2
43.60269	2
43.60882	2
43.61495	3
43.62108	5
43.62721	3
43.63334	3
43.63947	3
43.6456	2
43.65173	2
43.65786	2
43.66399	6
43.67012	2
43.67625	1
43.68238	3
43.68851	1
43.69464	4
43.70077	1
43.7069	2
43.71303	2
43.71916	2
43.72529	4
43.73142	1
43.73755	1
43.74368	2
43.74981	2
43.75594	3
43.76207	5
43.7682	3
43.77433	1
43.78046	2
43.78659	3
43.79272	7
43.79885	1
43.80498	4
43.81111	3
43.81724	4
43.82337	2
43.8295	1
43.83563	4
43.84176	1
43.84789	2
43.85402	1
43.86015	3
43.86628	2
43.87241	2
43.87854	1
43.88467	3
43.8908	2
43.89693	3
43.90306	2
43.90919	4
43.91532	2
43.92145	1
43.92758	2
43.93371	1
43.93984	2
43.94597	2
43.9521	4
43.95823	1
43.96436	1
43.97049	1
43.97662	2
43.98275	4
43.98888	4
43.99501	1
44.00114	2
44.00727	2
44.0134	3
44.01953	1
44.02566	2
44.03179	3
44.03792	3
44.04405	4
44.05018	1
44.05631	3
44.06244	1
44.06857	1
44.0747	3
44.08083	1
44.08696	2
44.09309	1
44.09922	2
44.10535	1
44.11148	4
44.11761	2
44.12374	1
44.12987	2
44.136	4
44.14213	1
44.14826	3
44.15439	2
44.16052	4
44.16665	2
44.17278	4
44.17891	2
44.18504	1
44.19117	1
44.1973	1
44.20343	2
44.20956	3
44.21569	2
44.22182	2
44.22795	2
44.23408	1
44.24021	3
44.24634	2
44.25247	2
44.2586	1
44.26473	2
44.27086	2
44.27699	3
44.28312	1
44.28925	3
44.29538	2
44.30151	2
44.30764	5
44.31377	4
44.3199	4
44.32603	4
44.33216	3
44.33829	1
44.34442	2
44.35055	3
44.35668	2
44.36281	3
44.36894	3
44.37507	1
44.3812	5
44.38733	4
44.39346	5
44.39959	3
44.40572	3
44.41185	3
44.41798	3
44.42411	3
44.43024	2
44.43637	2
44.4425	2
44.44863	2
44.45476	3
44.46089	2
44.46702	2
44.47315	4
44.47928	1
44.48541	2
44.49154	1
44.49767	1
44.5038	2
44.50993	2
44.51606	1
44.52219	3
44.52832	2
44.53445	6
44.54058	2
44.54671	7
44.55284	2
44.55897	2
44.5651	1
44.57123	3
44.57736	2
44.58349	1
44.58962	5
44.59575	3
44.60188	3
44.60801	4
44.61414	3
44.62027	3
44.6264	4
44.63253	1
44.63866	2
44.64479	1
44.65092	4
44.65705	1
44.66318	1
44.66931	3
44.67544	1
44.68157	3
44.6877	3
44.69383	2
44.69996	2
44.70609	3
44.71222	3
44.71835	1
44.72448	2
44.73061	3
44.73674	2
44.74287	2
44.749	3
44.75513	5
44.76126	2
44.76739	3
44.77352	6
44.77965	1
44.78578	1
44.79191	2
44.79804	2
44.80417	1
44.8103	2
44.81643	5
44.82256	1
44.82869	3
44.83482	3
44.84095	2
44.84708	5
44.85321	3
44.85934	3
44.86547	4
44.8716	2
44.87773	3
44.88386	2
44.88999	1
44.89612	4
44.90225	1
44.90838	1
44.91451	4
44.92064	2
44.92677	1
44.9329	2
44.93903	3
44.94516	5
44.95129	5
44.95742	1
44.96355	3
44.96968	4
44.97581	2
44.98194	2
44.98807	2
44.9942	2
45.00033	4
45.00646	5
45.01259	2
45.01872	1
45.02485	2
45.03098	1
45.03711	2
45.04324	1
45.04937	3
45.0555	3
45.06163	2
45.06776	1
45.07389	1
45.08002	4
45.08615	4
45.09228	4
45.09841	3
45.10454	2
45.11067	2
45.1168	1
45.12293	4
45.12906	4
45.13519	4
45.14132	3
45.14745	2
45.15358	1
45.15971	2
45.16584	2
45.17197	4
45.1781	2
45.18423	1
45.19036	2
45.19649	3
45.20262	2
45.20875	2
45.21488	1
45.22101	2
45.22714	2
45.23327	4
45.2394	1
45.24553	2
45.25166	1
45.25779	1
45.26392	3
45.27005	3
45.27618	3
45.28231	1
45.28844	2
45.29457	2
45.3007	3
45.30683	2
45.31296	2
45.31909	3
45.32522	1
45.33135	3
45.33748	3
45.34361	2
45.34974	3
45.35587	1
45.362	2
45.36813	4
45.37426	2
45.38039	2
45.38652	2
45.39265	4
45.39878	6
45.40491	3
45.41104	2
45.41717	1
45.4233	1
45.42943	4
45.43556	2
45.44169	1
45.44782	2
45.45395	2
45.46008	2
45.46621	1
45.47234	2
45.47847	1
45.4846	2
45.49073	1
45.49686	3
45.50299	3
45.50912	6
45.51525	1
45.52138	2
45.52751	2
45.53364	1
45.53977	1
45.5459	2
45.55203	1
45.55816	2
45.56429	4
45.57042	2
45.57655	4
45.58268	3
45.58881	2
45.59494	3
45.60107	2
45.6072	1
45.61333	1
45.61946	3
45.62559	4
45.63172	4
45.63785	2
45.64398	1
45.65011	2
45.65624	4
45.66237	4
45.6685	1
45.67463	4
45.68076	1
45.68689	2
45.69302	4
45.69915	1
45.70528	2
45.71141	3
45.71754	1
45.72367	2
45.7298	3
45.73593	3
45.74206	2
45.74819	2
45.75432	2
45.76045	2
45.76658	2
45.77271	4
45.77884	3
45.78497	4
45.7911	2
45.79723	2
45.80336	2
45.80949	1
45.81562	1
45.82175	5
45.82788	1
45.83401	1
45.84014	3
45.84627	2
45.8524	1
45.85853	3
45.86466	2
45.87079	1
45.87692	1
45.88305	1
45.88918	6
45.89531	5
45.90144	4
45.90757	2
45.9137	3
45.91983	2
45.92596	2
45.93209	3
45.93822	2
45.94435	2
45.95048	1
45.95661	1
45.96274	2
45.96887	3
45.975	2
45.98113	3
45.98726	3
45.99339	4
45.99952	3
46.00565	3
46.01178	1
46.01791	1
46.02404	2
46.03017	4
46.0363	3
46.04243	2
46.04856	2
46.05469	2
46.06082	5
46.06695	6
46.07308	1
46.07921	2
46.08534	2
46.09147	2
46.0976	1
46.10373	2
46.10986	1
46.11599	3
46.12212	4
46.12825	2
46.13438	2
46.14051	5
46.14664	2
46.15277	3
46.1589	1
46.16503	3
46.17116	1
46.17729	4
46.18342	1
46.18955	1
46.19568	1
46.20181	3
46.20794	2
46.21407	2
46.2202	1
46.22633	1
46.23246	2
46.23859	2
46.24472	1
46.25085	4
46.25698	3
46.26311	2
46.26924	2
46.27537	1
46.2815	2
46.28763	4
46.29376	1
46.29989	1
46.30602	2
46.31215	2
46.31828	1
46.32441	2
46.33054	3
46.33667	3
46.3428	2
46.34893	3
46.35506	3
46.36119	1
46.36732	1
46.37345	2
46.37958	3
46.38571	3
46.39184	1
46.39797	3
46.4041	2
46.41023	2
46.41636	2
46.42249	1
46.42862	5
46.43475	2
46.44088	2
46.44701	2
46.45314	3
46.45927	1
46.4654	1
46.47153	2
46.47766	2
46.48379	1
46.48992	2
46.49605	2
46.50218	1
46.50831	2
46.51444	2
46.52057	4
46.5267	2
46.53283	2
46.53896	6
46.54509	1
46.55122	3
46.55735	1
46.56348	2
46.56961	1
46.57574	3
46.58187	1
46.588	2
46.59413	1
46.60026	1
46.60639	5
46.61252	2
46.61865	3
46.62478	2
46.63091	2
46.63704	3
46.64317	1
46.6493	2
46.65543	2
46.66156	1
46.66769	5
46.67382	3
46.67995	2
46.68608	2
46.69221	3
46.69834	1
46.70447	2
46.7106	3
46.71673	3
46.72286	1
46.72899	2
46.73512	1
46.74125	2
46.74738	1
46.75351	2
46.75964	3
46.76577	3
46.7719	3
46.77803	2
46.78416	6
46.79029	3
46.79642	3
46.80255	1
46.80868	2
46.81481	2
46.82094	4
46.82707	2
46.8332	2
46.83933	1
46.84546	2
46.85159	2
46.85772	2
46.86385	3
46.86998	3
46.87611	2
46.88224	1
46.88837	2
46.8945	5
46.90063	3
46.90676	4
46.91289	2
46.91902	2
46.92515	2
46.93128	3
46.93741	2
46.94354	3
46.94967	2
46.9558	2
46.96193	1
46.96806	2
46.97419	2
46.98032	5
46.98645	3
46.99258	2
46.99871	2
47.00484	3
47.01097	4
47.0171	6
47.02323	2
47.02936	1
47.03549	2
47.04162	2
47.04775	1
47.05388	3
47.06001	1
47.06614	3
47.07227	4
47.0784	1
47.08453	4
47.09066	1
47.09679	3
47.10292	1
47.10905	1
47.11518	4
47.12131	3
47.12744	3
47.13357	3
47.1397	2
47.14583	2
47.15196	1
47.15809	3
47.16422	3
47.17035	3
47.17648	1
47.18261	2
47.18874	3
47.19487	2
47.201	2
47.20713	2
47.21326	1
47.21939	4
47.22552	6
47.23165	2
47.23778	2
47.24391	1
47.25004	3
47.25617	2
47.2623	3
47.26843	6
47.27456	2
47.28069	2
47.28682	2
47.29295	3
47.29908	2
47.30521	2
47.31134	1
47.31747	2
47.3236	2
47.32973	3
47.33586	1
47.34199	1
47.34812	3
47.35425	3
47.36038	2
47.36651	3
47.37264	3
47.37877	2
47.3849	6
47.39103	1
47.39716	3
47.40329	3
47.40942	2
47.41555	4
47.42168	3
47.42781	3
47.43394	2
47.44007	1
47.4462	3
47.45233	1
47.45846	2
47.46459	2
47.47072	2
47.47685	2
47.48298	2
47.48911	3
47.49524	6
47.50137	5
47.5075	2
47.51363	5
47.51976	1
47.52589	2
47.53202	2
47.53815	2
47.54428	1
47.55041	3
47.55654	3
47.56267	4
47.5688	3
47.57493	3
47.58106	1
47.58719	1
47.59332	1
47.59945	2
47.60558	4
47.61171	2
47.61784	2
47.62397	2
47.6301	2
47.63623	1
47.64236	1
47.64849	2
47.65462	2
47.66075	1
47.66688	1
47.67301	3
47.67914	1
47.68527	2
47.6914	2
47.69753	2
47.70366	2
47.70979	1
47.71592	4
47.72205	1
47.72818	1
47.73431	4
47.74044	2
47.74657	2
47.7527	6
47.75883	1
47.76496	4
47.77109	2
47.77722	2
47.78335	5
47.78948	1
47.79561	5
47.80174	1
47.80787	3
47.814	2
47.82013	1
47.82626	3
47.83239	3
47.83852	3
47.84465	1
47.85078	3
47.85691	2
47.86304	3
47.86917	2
47.8753	2
47.88143	2
47.88756	2
47.89369	2
47.89982	2
47.90595	1
47.91208	3
47.91821	6
47.92434	4
47.93047	2
47.9366	2
47.94273	2
47.94886	2
47.95499	2
47.96112	4
47.96725	1
47.97338	1
47.97951	2
47.98564	3
47.99177	3
47.9979	3
48.00403	3
48.01016	1
48.01629	2
48.02242	2
48.02855	3
48.03468	1
48.04081	1
48.04694	3
48.05307	2
48.0592	1
48.06533	4
48.07146	3
48.07759	2
48.08372	1
48.08985	2
48.09598	2
48.10211	2
48.10824	3
48.11437	4
48.1205	1
48.12663	1
48.13276	2
48.13889	2
48.14502	2
48.15115	4
48.15728	4
48.16341	4
48.16954	1
48.17567	3
48.1818	2
48.18793	1
48.19406	3
48.20019	1
48.20632	3
48.21245	3
48.21858	2
48.22471	3
48.23084	2
48.23697	2
48.2431	1
48.24923	1
48.25536	3
48.26149	2
48.26762	4
48.27375	2
48.27988	5
48.28601	4
48.29214	1
48.29827	3
48.3044	2
48.31053	2
48.31666	2
48.32279	3
48.32892	1
48.33505	2
48.34118	3
48.34731	2
48.35344	2
48.35957	4
48.3657	2
48.37183	3
48.37796	4
48.38409	2
48.39022	2
48.39635	3
48.40248	3
48.40861	3
48.41474	2
48.42087	4
48.427	2
48.43313	3
48.43926	3
48.44539	1
48.45152	2
48.45765	1
48.46378	3
48.46991	3
48.47604	4
48.48217	2
48.4883	2
48.49443	1
48.50056	1
48.50669	3
48.51282	2
48.51895	4
48.52508	1
48.53121	2
48.53734	1
48.54347	6
48.5496	1
48.55573	1
48.56186	2
48.56799	1
48.57412	2
48.58025	1
48.58638	1
48.59251	1
48.59864	1
48.60477	1
48.6109	2
48.61703	1
48.62316	1
48.62929	1
48.63542	4
48.64155	2
48.64768	2
48.65381	3
48.65994	2
48.66607	1
48.6722	4
48.67833	2
48.68446	2
48.69059	2
48.69672	4
48.70285	3
48.70898	4
48.71511	1
48.72124	2
48.72737	2
48.7335	2
48.73963	2
48.74576	4
48.75189	4
48.75802	1
48.76415	2
48.77028	3
48.77641	4
48.78254	1
48.78867	1
48.7948	1
48.80093	5
48.80706	2
48.81319	3
48.81932	1
48.82545	3
48.83158	2
48.83771	3
48.84384	6
48.84997	1
48.8561	4
48.86223	1
48.86836	3
48.87449	2
48.88062	1
48.88675	1
48.89288	4
48.89901	2
48.90514	1
48.91127	2
48.9174	3
48.92353	3
48.92966	2
48.93579	1
48.94192	2
48.94805	4
48.95418	3
48.96031	3
48.96644	1
48.97257	3
48.9787	2
48.98483	4
48.99096	2
48.99709	1
49.00322	2
49.00935	4
49.01548	1
49.02161	2
49.02774	1
49.03387	3
49.04	2
49.04613	2
49.05226	2
49.05839	3
49.06452	2
49.07065	1
49.07678	3
49.08291	3
49.08904	2
49.09517	1
49.1013	4
49.10743	6
49.11356	4
49.11969	3
49.12582	3
49.13195	3
49.13808	3
49.14421	1
49.15034	2
49.15647	1
49.1626	2
49.16873	3
49.17486	5
49.18099	2
49.18712	2
49.19325	3
49.19938	3
49.20551	1
49.21164	1
49.21777	2
49.2239	2
49.23003	3
49.23616	1
49.24229	1
49.24842	1
49.25455	1
49.26068	3
49.26681	3
49.27294	4
49.27907	2
49.2852	1
49.29133	1
49.29746	1
49.30359	2
49.30972	1
49.31585	1
49.32198	3
49.32811	2
49.33424	1
49.34037	4
49.3465	1
49.35263	2
49.35876	2
49.36489	2
49.37102	1
49.37715	1
49.38328	2
49.38941	1
49.39554	1
49.40167	1
49.4078	1
49.41393	1
49.42006	1
49.42619	1
49.43232	1
49.43845	1
49.44458	1
49.45071	1
49.45684	1
49.46297	1
49.4691	1
49.47523	1
49.48136	1
49.48749	1
49.49362	1
49.49975	1
49.50588	1
49.51201	1
49.51814	1
49.52427	1
49.5304	1
49.53653	1
49.54266	1
49.54879	1
49.55492	1
49.56105	1
49.56718	1
49.57331	1
49.57944	1
49.58557	1
49.5917	1
49.59783	1
49.60396	1
49.61009	1
49.61622	1
49.62235	1
49.62848	1
49.63461	1
49.64074	1
49.64687	1
49.653	1
49.65913	1
49.66526	1
49.67139	1
49.67752	1
49.68365	1
49.68978	1
49.69591	1
49.70204	1
49.70817	1
49.7143	1
49.72043	1
49.72656	1
49.73269	1
49.73882	1
49.74495	1
49.75108	1
49.75721	1
49.76334	1
49.76947	1
49.7756	1
49.78173	1
49.78786	1
49.79399	1
49.80012	1
49.80625	1
49.81238	1
49.81851	1
49.82464	1
49.83077	1
49.8369	1
49.84303	1
49.84916	1
49.85529	1
49.86142	1
49.86755	1
49.87368	1
49.87981	1
49.88594	1
49.89207	1
49.8982	1
49.90433	1
49.91046	1
49.91659	1
49.92272	1
49.92885	1
49.93498	1
49.94111	1
49.94724	1
49.95337	1
49.9595	1
49.96563	1
49.97176	1
49.97789	1
49.98402	1
49.99015	1
49.99628	1
50.00241	1
50.00854	1
50.01467	1
50.0208	1
50.02693	1
50.03306	1
50.03919	1
50.04532	1
50.05145	1
50.05758	1
50.06371	1
50.06984	1
50.07597	1
50.0821	1
50.08823	1
50.09436	1
50.10049	1
50.10662	1
50.11275	1
50.11888	1
50.12501	1
50.13114	1
50.13727	1
50.1434	1
50.14953	1
50.15566	1
50.16179	1
50.16792	1
50.17405	1
50.18018	1
50.18631	1
50.19244	1
50.19857	1
50.2047	1
50.21083	1
